-0.508934
-0.086804
-0.038347
-0.024956
-0.046333
-0.047186
-0.077448
-0.022617
-0.607336
-0.089759
-0.711466
-0.086140
0.053841
-0.013859
-0.521433
-0.067434
-0.100795
-0.051883
0.421645
0.003678
0.047281
-0.034690
-0.286579
-0.046997
-0.422431
-0.090178
-0.122453
-0.055312
0.057538
-0.054696
-0.328718
-0.076087
-0.040885
-0.067347
-0.214253
-0.065874
0.013157
-0.024884
-0.093373
-0.051147
0.612536
-0.001624
0.366836
0.000449
-0.017766
-0.021705
0.521468
-0.019279
0.087059
-0.021015
0.270304
-0.011306
0.451935
-0.003187
-0.069029
-0.057483
0.066925
-0.030546
0.082351
-0.049994
-0.248280
-0.064301
-0.196738
-0.044305
-0.665653
-0.092946
0.061094
-0.019155
0.077340
-0.040089
-0.302259
-0.066209
-0.188695
-0.046038
0.489578
0.026746
-0.089879
-0.051518
0.243195
-0.009318
-0.525918
-0.061296
0.394907
0.016643
-0.132338
-0.015326
-0.262926
-0.008903
-0.186478
-0.014466
0.058678
0.019708
-0.039860
-0.019838
-0.230584
-0.008685
-0.407512
-0.047596
-0.219902
-0.028572
-0.608852
-0.067290
-0.409289
-0.040187
-0.159842
-0.009373
-0.345647
-0.012943
-0.315831
-0.032198
-0.267948
-0.042651
-0.672770
-0.063838
-0.858879
-0.062629
-0.262614
-0.018759
-0.319882
-0.042178
-0.093797
0.001835
-0.064333
0.006639
0.334768
0.045391
0.159456
0.022692
-0.444735
-0.053282
-0.484815
-0.041125
-0.382434
-0.030949
0.033381
-0.011382
-0.171871
0.013647
-0.163374
-0.010595
0.173400
-0.001447
-0.220663
-0.028934
0.044776
-0.004945
-0.055934
-0.010586
-0.126102
-0.008871
-0.393550
-0.014964
-0.031173
0.022034
-0.415710
-0.031308
-0.123465
-0.016805
-0.176125
0.006977
0.065073
0.032501
-0.086396
-0.025357
-0.086749
0.000972
0.182559
0.023763
0.178589
0.047338
0.107828
0.005873
0.377921
0.053254
-0.665369
-0.031494
0.032782
-0.002787
-0.212351
0.000107
0.119325
0.016896
0.524074
0.038539
0.035130
-0.009929
0.050375
0.031059
0.214596
0.025451
-0.165186
-0.018379
0.077924
0.009323
-0.273601
-0.044877
0.276919
0.020159
-0.267906
-0.028837
0.495823
0.048725
0.586044
0.075023
0.278830
0.002742
0.663541
0.061507
0.442543
0.047143
0.903977
0.085144
-0.023306
0.009290
0.646376
0.054026
0.038453
0.004590
0.059421
-0.007012
0.170484
0.018557
-0.174347
-0.017956
0.459986
0.061326
0.245319
0.045094
0.171387
0.021818
-0.298344
-0.028013
0.423176
0.064890
0.512650
0.060008
0.641709
0.080135
0.216617
0.023973
0.257376
0.053127
0.565268
0.058917
-0.190332
0.008728
-0.153302
-0.013245
0.451221
0.057758
0.536956
0.065388
0.525057
0.042138
0.581838
0.062077
0.180799
0.026200
0.773423
0.080833
0.257646
0.028268
0.857217
0.077486
0.294719
0.035692
0.871685
0.089172
0.153385
0.024270
0.299699
0.029283
-0.083156
-0.001575
0.236574
-0.000649
0.363651
0.055481
0.329187
0.033160
0.677536
0.070873
0.648524
0.041070
0.528554
0.073968
0.904965
0.091996
0.369048
0.055852
0.868733
0.095757
0.577379
0.071447
0.810549
0.082176
0.898987
0.065438
0.225946
0.030204
0.959451
0.093265
0.634067
0.059932
0.387793
0.044169
0.359106
0.057490
0.473834
0.047841
0.102950
0.036263
0.535456
0.065858
0.601874
0.062023
0.527814
0.077851
0.418835
0.067387
0.382189
0.042011
0.695170
0.052798
0.912904
0.097804
-0.063072
0.028290
-0.219041
-0.027386
-0.101244
0.012089
0.907325
0.094377
0.689932
0.089919
0.494671
0.062061
0.254115
0.027173
0.302120
0.039541
0.364157
0.044973
0.219375
0.015266
0.353710
0.037853
0.462694
0.039141
0.563917
0.050633
0.098481
0.020434
0.912223
0.084332
0.289192
0.034006
0.313445
0.019495
0.055423
0.044533
-0.348706
-0.006613
0.727440
0.087980
0.009197
0.010099
0.218616
0.021843
0.034982
0.032786
-0.429227
-0.017472
-0.157149
0.012530
0.505022
0.088797
0.340774
0.032615
0.894848
0.068585
0.397359
0.054551
0.289098
0.036791
0.406008
0.050213
0.402903
0.034176
0.063496
0.035652
0.838057
0.101776
0.609072
0.075002
0.513483
0.061864
0.224743
0.024334
0.470044
0.049242
0.166681
0.018748
0.126833
0.012368
0.614083
0.070270
-0.064783
0.016908
0.372800
0.042566
0.612498
0.059035
0.393496
0.067116
0.214355
0.046411
0.334697
0.045552
0.366947
0.053156
0.643323
0.055625
0.001179
0.018144
0.469400
0.059174
0.295264
0.059652
0.365397
0.024453
-0.041970
0.002905
0.356389
0.057589
0.394403
0.057908
0.493822
0.051754
-0.018193
-0.008493
0.182086
0.031980
0.007263
0.002903
-0.223217
-0.022106
0.545417
0.057967
-0.186701
-0.006538
0.565239
0.047396
0.247387
0.017943
0.225231
0.034248
0.373653
0.040729
0.765008
0.057648
-0.335347
-0.021886
-0.120534
-0.020992
0.267604
0.017504
0.353959
0.036229
-0.041517
0.026003
0.179738
0.031068
-0.251094
-0.008886
0.347471
0.044370
0.440996
0.052831
-0.370609
-0.013430
-0.045211
-0.007259
-0.411712
-0.021963
-0.198376
-0.027999
-0.559386
-0.023815
0.102411
0.027844
-0.135674
0.007843
-0.015519
0.010313
0.268100
0.032679
-0.322163
-0.017499
-0.095171
-0.012043
-0.294780
-0.019525
0.104409
0.009243
-0.772900
-0.066791
-0.408077
-0.032365
-0.681420
-0.028711
-0.023963
-0.000830
-0.154956
-0.011689
0.257778
0.029898
0.280907
0.025580
-0.243622
-0.005044
-0.475317
-0.054573
-0.231800
-0.038888
-0.006056
0.005307
-0.217949
-0.020733
0.291728
0.029359
-0.317056
-0.008856
-0.303454
-0.007177
-0.246158
-0.038852
-0.123673
-0.019647
-0.434851
-0.028839
-0.458425
-0.043250
0.290376
0.023331
-0.386671
-0.045424
-0.417494
-0.019534
-0.141818
-0.010479
-0.114701
-0.000841
-0.051730
-0.019199
-0.028521
0.004804
-0.078099
-0.009872
0.346512
0.011734
-0.199134
-0.041454
-0.152591
-0.016358
-0.158587
-0.036250
0.161556
0.008675
-0.671645
-0.058829
0.155950
0.003401
0.169796
0.015176
0.019184
0.026874
-0.148907
-0.034159
0.157234
0.000287
0.018956
0.006633
0.012773
-0.000549
-0.418238
-0.034132
0.127502
0.022158
-0.004125
-0.002879
-0.566648
-0.078512
-0.688988
-0.056924
0.246183
0.013271
-0.093003
-0.020014
-0.035129
-0.003136
0.208114
0.003334
-0.263620
-0.032464
-0.306929
-0.028487
-0.167245
-0.010617
0.151714
-0.017439
0.014928
0.001951
-0.098134
-0.006789
0.094354
0.023088
-0.269298
-0.033042
-0.200283
-0.022840
0.422022
0.016923
0.123152
0.012258
-0.110881
0.009316
0.410858
0.031186
-0.305661
-0.023366
0.244361
0.026864
-0.684960
-0.075819
-0.108025
-0.023959
-0.197974
-0.004020
-0.577653
-0.035726
-0.072673
0.010807
-0.100635
-0.011003
-0.301535
-0.018539
-0.253444
-0.003959
-0.463608
-0.026839
-0.145065
0.005908
-0.530932
-0.015698
-0.327133
-0.030379
-0.035284
0.009858
0.022415
-0.007977
-0.189288
-0.014951
-0.524475
-0.040240
-0.375355
-0.031492
0.025867
0.004892
-0.076166
0.023105
-0.737606
-0.034590
-0.280061
-0.028197
-0.002643
0.038934
-0.031230
0.013960
0.103185
0.000097
0.471610
0.050544
0.482442
0.047169
0.118140
0.025166
-0.526722
-0.035590
-0.052805
-0.010371
0.312477
0.045712
0.166490
0.025052
0.052678
-0.005634
-0.246529
-0.027348
-0.204060
-0.023675
-0.199377
-0.018272
-0.065994
0.011960
-0.111909
0.000624
0.164126
0.029766
0.361731
0.045191
0.214453
0.032035
-0.343103
-0.043977
0.091905
0.029615
0.474656
0.062118
-0.840315
-0.076082
-0.310880
-0.028376
0.058998
-0.004679
-0.808106
-0.085229
-0.467047
-0.039659
-0.755013
-0.077365
-0.943634
-0.095857
-0.417160
-0.036080
-0.131101
-0.017488
-0.657861
-0.082713
-0.419514
-0.045769
-0.345381
-0.027186
-0.853414
-0.089170
-0.296434
-0.044075
-0.605834
-0.096211
-0.159704
-0.005733
-1.223504
-0.112351
-0.599696
-0.068105
-0.842558
-0.081843
-0.428623
-0.045122
0.344386
0.020241
-0.214420
-0.034417
-0.230518
-0.019362
-0.539190
-0.056804
0.010772
-0.001327
0.260836
0.011508
0.121049
-0.009087
-0.163554
-0.038105
-0.233943
-0.029894
-0.381545
-0.037479
0.182161
0.009318
-0.287680
-0.046700
0.380079
0.018310
-0.441865
-0.049423
-0.253927
-0.033721
-0.257511
-0.029405
-0.512563
-0.044366
-0.256023
-0.031367
-0.314030
-0.031050
-0.488409
-0.039640
-0.340934
-0.054182
-0.624220
-0.126832
0.325470
-0.012231
-0.094616
-0.038017
-0.458450
-0.077604
0.117557
-0.040307
0.212578
-0.025549
-0.780777
-0.109797
-0.762738
-0.110399
-0.258677
-0.046210
-0.053347
-0.026854
0.158414
-0.013444
-0.450826
-0.096785
-0.372848
-0.058216
0.111475
-0.010586
-0.133038
-0.010618
-0.211935
-0.056359
-0.394751
-0.059414
-0.026604
-0.044104
-0.088691
-0.051547
-0.353179
-0.056247
0.161902
-0.036011
0.019257
-0.027865
-0.128356
-0.049258
0.612399
0.005590
0.235858
-0.007735
0.401580
0.007696
-0.026563
-0.050790
0.449839
-0.001629
-0.049602
-0.056613
0.001073
-0.028031
0.097298
-0.047265
-0.173465
-0.061593
0.590548
0.044780
0.083472
-0.038875
0.317920
0.001464
0.406462
0.001754
0.278125
-0.014031
-0.037756
-0.034781
-0.492556
-0.068990
-0.166882
-0.023073
-0.634860
-0.047387
-0.132062
-0.011246
-0.148621
-0.020263
-0.059551
-0.011654
0.500130
0.047384
0.474106
0.059987
-0.437835
-0.018907
-0.281572
-0.015608
-0.108693
-0.009038
-0.267140
-0.018577
0.070914
0.019256
-0.234834
-0.004989
-0.150875
-0.009356
0.065849
0.021003
0.101112
0.010758
-0.304062
-0.032774
-0.372655
-0.028206
-0.028292
-0.021495
-0.071761
0.019666
0.180773
0.050598
0.823576
0.080130
0.096075
0.034296
0.132751
0.041934
0.188320
0.019791
0.442432
0.048263
0.226151
0.007086
0.195047
0.030887
0.397449
0.039528
0.417162
0.043191
0.570130
0.076556
0.046714
0.005587
0.201679
0.034613
0.069717
0.020305
0.409988
0.059839
0.494678
0.053233
0.185762
0.014407
0.467770
0.063824
0.415940
0.034489
0.445151
0.068666
0.343432
0.060044
0.680247
0.091352
0.089077
0.035148
-0.262394
0.027288
0.643446
0.063908
0.034984
0.018330
0.850718
0.103894
-0.276603
0.002822
0.261390
0.056224
0.136462
0.022036
0.548244
0.053655
0.375208
0.063253
0.306837
0.053821
0.453282
0.072668
0.479321
0.074047
0.756973
0.078031
0.570502
0.066992
0.444789
0.069402
0.100600
0.036262
0.494002
0.050175
0.354215
0.025164
0.482268
0.056989
0.295278
0.036444
0.173633
0.045840
0.700667
0.066002
0.126626
0.037615
0.187358
0.016236
0.795910
0.076641
0.635400
0.048098
0.189079
0.048501
0.085672
0.017558
0.643632
0.095779
0.342341
0.030233
0.610271
0.077039
0.861962
0.084405
1.078680
0.100413
0.734543
0.064494
0.637096
0.080803
1.030736
0.095260
0.795148
0.081643
0.260948
0.021963
0.606726
0.056655
0.431252
0.034152
0.729436
0.068737
0.675502
0.073453
0.504984
0.074596
-0.136801
-0.024093
-0.114001
0.006141
0.520938
0.069440
0.128568
0.024861
0.641979
0.052011
0.298733
0.032939
0.513170
0.050327
0.105193
0.003738
0.414449
0.050015
0.169628
-0.001845
0.537035
0.053911
0.371247
0.019044
0.459135
0.043186
0.668502
0.074501
0.198689
0.026586
0.698364
0.080159
0.363273
0.057881
0.217897
0.034624
0.656158
0.071085
0.211776
0.029655
-0.107532
0.018189
0.277790
0.052150
0.306787
0.048981
0.628567
0.083072
0.430851
0.070480
0.076463
0.009963
0.405841
0.038522
-0.129936
0.019616
0.589695
0.077112
0.419052
0.048401
0.146629
0.048431
-0.094779
0.029569
0.142123
0.007411
0.385280
0.053589
0.701574
0.081266
-0.017898
0.021285
0.995982
0.092176
0.231501
0.036275
0.844856
0.088077
0.180656
0.028700
0.446770
0.037234
0.446514
0.033432
0.160013
0.011732
0.144284
0.007168
0.530062
0.052919
0.208373
0.028414
0.236680
0.045069
0.109712
0.008666
0.263369
0.027023
0.518863
0.049790
0.342016
0.053318
0.570650
0.045514
0.473333
0.041423
0.206113
0.015705
0.338884
0.045174
0.182125
0.030583
0.530465
0.085052
0.477053
0.062632
-0.144826
0.003516
0.399208
0.039580
0.254238
0.037814
0.554743
0.056196
0.149589
0.021642
0.822705
0.103302
0.215815
0.050907
-0.201259
0.003416
0.338631
0.040737
0.415925
0.046133
1.015653
0.106572
0.433925
0.039038
0.369912
0.041679
0.215332
0.041433
0.211919
0.043468
0.185554
0.025727
0.256571
0.041304
-0.169891
0.000532
0.560918
0.061193
0.651685
0.081204
-0.299012
-0.015530
-0.233750
-0.004493
-0.740819
-0.073382
-0.256862
-0.018298
0.186914
0.024487
-0.256654
-0.016376
0.350819
0.046368
0.457281
0.071608
-0.329271
-0.012323
-0.163339
-0.022993
-0.094513
-0.006837
-0.122544
0.011570
0.431251
0.049962
0.058407
0.023077
0.176765
0.049430
0.281630
0.037726
0.411914
0.044860
0.350234
0.047375
-0.168367
0.020381
0.101208
0.046174
0.014389
0.005935
-0.104696
0.002728
-0.027736
-0.006674
-0.353723
-0.035618
0.720931
0.075242
0.269853
0.035985
-0.012410
-0.007658
0.084092
0.017580
0.458438
0.053501
0.225230
0.031893
0.449252
0.035949
0.538950
0.080435
0.369938
0.058271
0.218600
0.051555
0.477142
0.043539
0.334231
0.021746
-0.607229
-0.073516
-0.499208
-0.036673
0.182949
0.014775
-0.512987
-0.029661
-0.550644
-0.028595
-0.397940
-0.027052
-0.492245
-0.032923
0.371923
0.052300
-0.022424
0.008665
0.216349
0.070590
-0.260037
-0.027921
-0.241432
0.001770
-0.222625
-0.020564
0.281480
0.031089
0.207423
0.043368
-0.544490
-0.022000
-0.261211
-0.000951
-0.236033
-0.010915
0.278344
0.037869
-0.183816
0.010771
-0.485633
-0.027952
-0.301759
0.000157
-0.023974
0.017305
0.039218
0.029313
-0.373652
-0.012867
-0.865130
-0.071798
-0.531453
-0.050143
-0.651426
-0.060860
0.261358
0.046979
-0.378352
-0.023845
-0.323483
-0.009451
0.110775
0.025036
-0.176335
-0.023031
0.172786
0.035537
-0.301286
0.004102
0.049070
0.004816
-0.028206
0.027765
-0.886816
-0.058195
-0.429902
-0.020848
-0.274034
-0.015691
-0.252799
-0.013544
-0.327733
-0.051979
0.377230
0.048659
0.417607
0.074330
-0.158904
-0.044178
0.211826
0.035932
0.513451
0.021225
-0.181100
-0.025468
0.398988
0.051534
-0.154147
-0.030859
0.724505
0.061244
-0.170187
0.020021
0.454690
0.055999
0.140726
0.030295
0.217927
0.027696
-0.166664
-0.008444
0.216214
0.018629
-0.468375
-0.040346
-0.286389
-0.015818
0.480268
0.068979
-0.021187
0.000413
0.351816
0.048914
0.195855
0.050131
-0.182121
-0.005610
0.480329
0.069514
0.666550
0.077092
0.529545
0.064005
0.385542
0.054948
0.153007
0.031217
0.432138
0.046810
-0.117390
0.006823
0.489606
0.075338
0.192122
0.038236
0.287312
0.040016
0.138866
0.040131
0.377011
0.054253
0.077644
0.040533
0.132169
0.041410
0.037683
0.010220
-0.299615
0.008843
-0.088828
-0.002260
0.258765
0.012727
-0.322764
-0.036334
-0.600744
-0.059080
-0.196435
-0.020388
-0.416617
-0.051526
-0.493942
-0.030249
0.025756
0.015242
-0.091477
-0.028883
-0.626833
-0.065673
0.168206
0.003772
-0.203159
-0.016756
-0.121336
0.001712
0.197628
0.005920
-0.302672
-0.026877
0.265285
0.035309
0.416792
0.028694
-0.058057
-0.027172
-0.196705
-0.010764
-1.032287
-0.096511
0.309015
0.023779
0.128002
0.038683
0.099165
-0.008347
-0.410248
-0.033186
0.529136
0.050995
0.259835
0.005872
-0.264970
-0.011418
-0.364367
-0.027031
-0.337103
-0.036561
0.244335
0.025130
0.445129
0.038932
-0.816522
-0.060592
-0.474773
-0.044947
0.269609
0.007158
-0.529392
-0.059737
-0.186509
-0.018198
-0.449817
-0.028531
0.132193
-0.008292
0.024489
-0.012866
-0.243328
-0.025410
0.011205
-0.017604
-0.087523
-0.030302
-0.305360
-0.035930
-0.231660
-0.026509
-0.561374
-0.061334
-0.781668
-0.090897
-0.648772
-0.077133
-0.539069
-0.067397
0.068515
-0.010206
0.188611
0.020230
-0.214257
-0.026138
-0.534192
-0.035926
-0.505416
-0.069436
-0.728141
-0.083124
0.120073
-0.013125
-0.352394
-0.049999
-0.331752
-0.040836
-0.632140
-0.065189
-0.361861
-0.063900
-0.257497
-0.035930
-0.423553
-0.039124
-0.812789
-0.091406
-0.288101
-0.033482
-0.390343
-0.054338
0.100466
0.003674
-0.224187
-0.043798
-0.505092
-0.060425
0.326601
0.011051
0.018888
0.000196
-0.385130
-0.021269
-0.131324
-0.041872
-0.127517
-0.024376
0.114171
-0.014155
-0.460293
-0.035004
-0.185774
-0.040827
-0.416202
-0.058310
-0.296562
-0.047208
-0.102489
-0.004535
0.006807
-0.020238
0.294582
0.022207
-0.543934
-0.095716
-0.447804
-0.074671
0.194541
-0.033770
-0.361008
-0.081354
0.302323
-0.024029
-0.042563
-0.018742
-0.494217
-0.103900
-0.236549
-0.058472
-0.469028
-0.091645
-0.266046
-0.059661
-0.285347
-0.043173
-0.344365
-0.075081
-0.052876
-0.028854
0.015548
-0.011749
0.400319
0.002468
-0.061183
-0.026226
0.395368
-0.005301
-0.267228
-0.057341
-0.734365
-0.118529
-0.730157
-0.128051
-0.443530
-0.090832
-0.367842
-0.067805
0.216309
-0.018186
-0.037051
-0.062847
-0.013196
-0.027807
-0.164200
-0.056850
-0.158180
-0.057718
-0.161028
-0.046840
-0.437955
-0.074981
0.023650
-0.023724
0.299053
-0.012192
0.210295
-0.022051
-0.186664
-0.044391
-0.522846
-0.079762
-0.672624
-0.089068
0.123281
-0.021510
0.005150
-0.051845
0.508796
0.010048
-0.022905
-0.044663
0.086716
-0.037105
-0.169605
-0.051676
0.302791
0.021028
0.546211
0.041468
-0.141713
-0.012098
0.011358
-0.021803
0.506257
0.030490
0.448469
0.051387
-0.083624
-0.028775
0.747064
0.046904
0.357893
0.007050
0.297647
-0.003072
0.485255
0.019331
-0.039315
-0.001735
-0.137913
-0.007019
0.788996
0.059941
-0.090517
-0.014642
0.457888
0.008027
-0.830953
-0.064770
1.036525
0.057891
-0.387325
-0.053280
-0.042761
-0.029355
0.009601
-0.001791
1.096055
0.087794
-0.040957
-0.010663
0.261255
0.009410
0.118377
0.001034
0.439492
0.044285
0.373156
0.025886
0.467525
0.027586
0.191915
-0.003518
-0.161700
-0.019456
-0.192009
-0.015538
0.528339
0.046586
0.469689
0.022690
0.573980
0.044930
0.072420
0.009216
0.435723
0.036831
0.369643
0.049859
0.524796
0.048072
0.306090
0.005864
0.045902
-0.014079
0.683365
0.048631
0.375395
0.040259
0.877506
0.071234
0.168208
0.018934
0.255256
0.014902
0.635784
0.064404
0.392322
0.038381
0.164038
0.029590
1.000934
0.077646
0.249573
0.047906
0.218601
0.034526
0.394960
0.051964
-0.007847
-0.025765
0.509175
0.039320
0.352881
0.040315
0.106152
0.013463
0.098450
0.000995
0.454822
0.028408
0.650797
0.062444
0.573968
0.057593
0.224509
0.016101
0.655130
0.045539
0.483829
0.065062
-0.112929
-0.009024
0.484605
0.055903
0.475386
0.064018
0.318257
0.056621
0.649208
0.071162
0.658503
0.054940
0.202225
0.029996
0.118505
0.024892
0.310780
0.024180
0.332406
0.025707
0.421736
0.054049
-0.369241
-0.030218
0.842465
0.104858
0.451131
0.052296
0.064176
0.016280
-0.181965
0.015438
0.517342
0.073759
0.555157
0.065308
0.248217
0.052917
0.193427
0.055553
0.632468
0.080325
0.164099
0.026114
0.578269
0.077577
0.071290
0.039184
0.377038
0.073467
0.021778
0.026022
0.487473
0.078445
0.458210
0.061681
0.286066
0.037064
0.736495
0.089899
-0.111119
0.017845
0.394258
0.080629
0.531818
0.086872
0.800507
0.102140
0.554800
0.059042
0.271865
0.055417
-0.111134
0.019419
0.270330
0.032765
-0.408820
-0.000922
0.258647
0.043837
-0.404584
-0.008353
-0.242461
0.009416
0.204564
0.028882
-0.097708
0.016309
-0.068414
-0.003216
0.238829
0.037254
0.049619
0.032222
-0.313185
-0.021004
0.085234
0.025647
-0.243878
0.000592
-0.200923
-0.005928
0.321496
0.044766
-0.351733
-0.011995
-0.275867
-0.016909
-0.144665
-0.002696
-0.120320
0.005813
-0.519362
-0.035167
-0.624494
-0.037976
-0.360690
0.005889
-0.074677
0.007067
-0.502940
-0.051210
-0.817568
-0.057447
-0.540610
-0.031106
-0.600729
-0.041347
-0.062893
-0.004094
0.015738
0.009755
-0.191424
-0.002430
-0.074846
-0.013522
-0.633660
-0.036242
-0.032064
-0.001404
-0.572488
-0.037243
-0.068996
-0.017493
-0.376077
-0.011738
-0.765461
-0.063050
0.084833
0.027995
0.160869
0.017646
-0.002593
0.026753
0.016792
0.014149
-0.415731
-0.016345
-0.057279
0.037444
-0.009643
0.018035
-0.189389
-0.009273
0.001949
0.019736
-0.138296
0.009934
0.040395
0.001687
-0.635265
-0.037277
-0.018219
0.034198
-0.318402
-0.004968
-0.023383
0.017155
-0.571280
-0.043642
-0.299681
-0.020555
-0.667511
-0.034728
-0.219230
-0.002741
0.570244
0.070047
0.169772
0.005402
0.036149
0.021741
-0.008263
-0.000378
0.840661
0.108051
0.396055
0.055390
0.480321
0.052321
0.760940
0.112499
0.263009
0.028060
0.558602
0.068781
0.318973
0.068259
0.617251
0.065947
0.059298
0.032644
0.721772
0.089435
0.470631
0.059064
0.212632
0.029152
0.336861
0.060595
0.441192
0.062283
0.425615
0.092368
0.454479
0.077418
0.121205
0.049329
0.388638
0.045400
0.300573
0.056332
0.758276
0.083433
0.648834
0.082660
0.151649
0.018375
0.870416
0.093692
0.435450
0.033400
0.269685
0.080087
0.877415
0.079287
0.745228
0.087602
0.722047
0.100915
0.405738
0.047958
0.709485
0.083211
0.702548
0.088254
0.598271
0.090706
0.474188
0.068009
0.980357
0.107698
0.146098
0.044674
0.744953
0.091362
0.616543
0.077105
1.217304
0.130553
0.895127
0.093545
-0.008827
0.007048
0.369187
0.011344
0.794670
0.091956
0.359386
0.015744
0.965699
0.099974
0.499728
0.039252
0.609700
0.069000
0.685189
0.080519
0.468044
0.043890
0.290991
0.047322
0.425669
0.064556
0.879346
0.084197
0.302913
0.031853
0.467362
0.063601
0.689737
0.060380
0.393913
0.053570
0.049692
0.017273
0.067742
0.023305
0.568336
0.057108
0.668283
0.073546
-0.421988
-0.038422
0.032172
0.006749
0.395816
0.058034
-0.054549
-0.003190
0.589073
0.083189
-0.510387
-0.024226
-0.161664
0.002595
-0.343117
-0.007214
0.690276
0.072472
0.390765
0.046700
-0.148069
0.005707
0.340068
0.063953
-0.885168
-0.066074
0.267175
0.038187
-0.175261
0.014231
0.273163
0.045265
0.396509
0.047508
0.394640
0.051666
-0.237096
-0.025808
0.001671
0.026322
0.186889
0.024602
-0.125029
0.004241
0.132701
0.031297
-0.446569
-0.057675
-0.278216
-0.026334
0.152400
0.012761
0.111828
0.010247
-0.202407
0.005961
-0.413095
-0.026085
0.062433
0.007133
0.272299
0.043904
0.286623
0.039398
-0.295308
-0.025186
-0.201207
0.016785
-0.486037
-0.054140
-0.444763
0.001414
0.530572
0.057814
0.134784
0.033562
0.264774
0.049376
-0.291975
0.006290
0.415048
0.021348
0.034115
-0.020855
0.419346
0.022723
0.041389
0.013869
0.263570
-0.005972
0.481751
0.050634
0.524641
0.044887
0.126706
0.003512
0.356614
0.025185
0.259266
0.018842
0.148496
0.004920
0.114316
0.013568
-0.134388
-0.010107
0.613798
0.050140
0.002871
0.002579
0.234959
0.013683
0.228984
0.011447
-0.134147
-0.025875
0.108516
0.000089
0.474219
0.033670
-0.378815
-0.061779
0.292572
0.008441
0.681201
0.064646
-0.185442
-0.020939
0.564092
0.031612
-0.371155
-0.063344
0.301260
0.015847
0.234169
-0.002426
-0.378379
-0.045669
0.357107
0.011023
0.526024
0.043818
-0.000231
-0.004855
0.460202
0.007894
-0.180247
-0.041193
0.226834
0.022553
0.232850
-0.018472
-0.077120
-0.023421
0.210715
0.004430
0.104492
-0.009479
-0.423330
-0.040966
-0.072834
0.006307
0.161006
0.007214
0.624255
0.074223
0.158147
0.013864
0.206333
0.001618
0.126870
-0.005514
-0.011867
0.006672
0.054638
-0.005755
0.394482
0.002742
-0.117965
-0.010407
-0.041694
-0.011088
0.013078
-0.006264
-0.570455
-0.070669
0.371499
0.021740
-0.070646
-0.014319
0.700087
0.067454
-0.211800
-0.021308
-0.410644
-0.038906
-0.435081
-0.027518
-0.373998
-0.046486
-0.038582
0.006061
-0.257848
-0.026846
0.020624
-0.011012
0.285003
0.000719
-0.539098
-0.073572
0.044462
0.001455
-0.469198
-0.051909
-0.269382
-0.040705
0.062263
0.004244
-0.542775
-0.035172
0.215993
0.007554
-0.641433
-0.083251
-0.151459
-0.014857
-0.299763
-0.030700
-0.304573
-0.049834
-0.124579
-0.016037
-0.368606
-0.067741
0.413835
0.044275
-0.516877
-0.053432
-0.009992
-0.002511
-0.549319
-0.074670
-0.145834
-0.019272
0.127743
-0.010317
-0.096596
-0.026722
0.128998
0.004760
0.201066
0.016351
-0.468492
-0.063239
-0.058590
-0.019557
-0.197585
-0.035890
0.459887
0.003882
0.311239
-0.000670
-0.333534
-0.053696
0.168732
-0.009271
-0.041474
-0.006843
0.049425
-0.022936
-0.389349
-0.040141
0.126242
0.007525
0.236907
0.008695
-0.282504
-0.037529
-0.025704
0.004128
0.132785
-0.027006
-0.355924
-0.061425
-0.613904
-0.086483
-0.272670
-0.073271
0.462852
-0.004460
-0.635286
-0.078859
0.118000
-0.011529
-0.192885
-0.064836
-0.189935
-0.063619
-0.426362
-0.089049
-0.169690
-0.043793
-0.170393
-0.056779
-0.982392
-0.120676
-0.128312
-0.037455
-0.421081
-0.078975
-0.407601
-0.080326
-0.112268
-0.057281
-0.120890
-0.046024
-0.200162
-0.046194
-0.429035
-0.077115
0.513619
0.021635
0.124194
-0.047141
-0.095517
-0.055675
0.355629
0.014166
0.158926
-0.020929
-0.027241
-0.022772
-0.347888
-0.068509
-0.145411
-0.032976
0.172511
-0.003870
-0.166441
-0.043248
0.133832
-0.012605
0.193654
-0.014194
-0.065667
-0.045990
0.045705
-0.023592
-0.154652
-0.027541
-0.065007
-0.057337
-0.068745
-0.033834
0.071428
-0.049899
-0.323846
-0.064732
0.219274
-0.008993
0.131309
-0.003355
0.578834
0.014683
0.197704
-0.000481
0.428873
0.021813
0.494497
0.032104
0.346697
0.006947
0.272162
0.004716
0.580737
0.027237
0.626265
0.042036
0.103445
-0.007625
0.713404
0.021125
0.819479
0.070481
0.895233
0.064550
0.382865
0.020737
0.978896
0.095883
0.335139
0.009827
0.367056
0.019188
0.680326
0.045598
1.065212
0.092075
0.682277
0.071090
0.454023
0.056408
-0.178869
-0.026806
-0.168368
-0.013589
0.376234
0.048051
0.149800
0.023906
0.138280
0.020314
0.364980
0.025803
0.098023
0.031123
0.018085
0.007167
0.189454
0.006172
0.248557
0.018586
-0.015781
0.011722
0.430622
0.049441
0.101617
0.023490
0.446738
0.053144
0.720815
0.054377
0.642415
0.048264
0.186429
0.036130
0.293232
0.019051
-0.169067
0.006612
-0.169822
-0.015761
0.315989
0.032141
-0.021906
0.005741
-0.197247
-0.015705
0.335405
0.014899
-0.324883
-0.034152
-0.198478
-0.013994
-0.190750
-0.032397
0.263743
0.009946
0.132810
-0.005010
0.273459
0.015524
-0.224925
-0.026086
0.198411
0.011017
-0.277410
-0.034303
0.119301
-0.000060
-0.400885
-0.019716
0.331774
0.030511
-0.062243
-0.025613
-0.148641
-0.006782
0.673506
0.059640
-0.122293
-0.012448
0.277205
0.026905
-0.051438
-0.031585
0.045002
0.006003
0.481022
0.021200
0.507662
0.024411
0.049519
-0.011647
0.390969
0.021540
0.278234
0.013717
0.014893
0.009034
0.685860
0.061058
-0.086211
-0.012081
0.076141
0.007130
1.119830
0.080834
0.358849
0.027331
0.208675
0.003429
0.170483
0.002740
0.092070
-0.014513
1.053115
0.092224
0.265734
0.003229
0.323311
0.044269
-0.507385
-0.026636
0.154222
0.012091
0.185422
0.027435
0.335462
0.022552
0.051031
0.024919
0.224310
0.046831
-0.355209
-0.054618
0.045169
-0.000320
-0.154739
-0.010907
0.049182
-0.010638
0.141305
0.032335
0.420734
0.027460
0.124673
0.007846
0.200815
0.005728
0.073167
0.012639
0.378821
0.041963
0.243380
0.012029
0.320751
0.020963
0.008995
0.019196
-0.326012
0.008494
-0.489653
-0.009304
-0.277471
0.002308
0.243043
0.048413
-0.346446
-0.018662
0.116933
0.032680
-0.237235
0.014690
-0.411980
0.014230
0.264806
0.025718
-0.280041
0.013189
-0.334267
-0.003429
-0.445828
-0.018256
-0.220789
-0.019322
0.320149
0.047078
0.292525
0.035338
-0.738571
-0.036281
-0.147719
0.027731
-0.079476
0.017549
-0.093677
0.012147
0.183810
0.047587
-0.700979
-0.056785
0.152687
-0.000689
0.031889
0.008601
-0.059200
0.018772
-0.203324
-0.007574
0.201484
0.030618
-0.161467
0.015168
-0.248775
-0.012108
-0.081405
-0.008829
0.064547
0.017165
-0.132550
0.005386
0.117426
0.023327
-0.658428
-0.050082
-0.035727
-0.015447
-0.141598
0.001512
-0.061130
-0.015588
0.073421
0.005052
-0.022003
0.015254
-0.025461
0.001133
-0.034744
-0.010132
-0.468717
-0.025083
0.118314
0.037676
0.186355
0.049645
0.389324
0.078574
-0.222365
0.013721
-0.081849
0.013722
0.137084
0.044766
0.303025
0.066561
0.104976
0.032869
0.183260
0.050471
0.187164
0.051987
-0.200258
-0.001785
-0.346955
0.000574
-0.007234
0.010154
0.211807
0.055469
0.068791
0.051828
0.405285
0.039287
0.148870
0.071807
-0.021087
0.020539
0.085706
0.020106
-0.519385
-0.016713
-0.076583
0.013635
-0.214993
-0.003590
-0.188445
0.006901
-0.128008
0.028596
-0.429286
-0.009348
0.115309
0.046124
-0.584893
-0.025696
0.140050
0.028975
-0.405176
-0.011353
-0.187567
-0.000409
-0.349697
-0.013318
0.389420
0.066411
0.025480
0.017162
0.132589
0.036205
-0.165115
0.023857
0.121664
0.042539
-0.051286
0.006759
-0.132373
0.008982
0.392584
0.059145
0.262962
0.043673
0.289584
0.040864
-0.368072
-0.015069
0.303700
0.037378
-0.167365
0.012561
-0.481947
-0.011140
-0.004377
-0.002513
0.090678
0.055088
-0.078892
0.009484
-0.239169
0.012286
0.067448
0.025688
-0.575367
-0.007422
-0.057674
0.028553
-0.221391
-0.005011
-0.008157
0.013075
0.176867
0.017805
-0.398516
-0.008203
-0.370335
-0.015478
0.133149
0.040560
0.059822
0.034238
0.672412
0.081616
0.355187
0.047406
0.122772
0.014798
-0.172616
0.003861
0.066231
0.021675
-0.073889
0.027945
0.197550
0.029627
0.139134
0.039442
0.215608
0.035435
0.469640
0.052157
-0.221675
-0.001817
-0.167981
0.013397
0.076321
0.015476
0.469608
0.064345
0.125864
0.058054
-0.110201
0.008932
0.139586
0.043687
0.236711
0.030553
-0.191319
0.016730
0.231086
0.049328
0.285109
0.037985
0.529058
0.068841
0.561657
0.050857
0.386035
0.051133
0.450587
0.042741
0.210068
0.017301
0.380890
0.062031
0.201054
0.022850
0.060347
0.015086
0.095878
-0.012114
-0.007566
0.007102
-0.165645
-0.014623
-0.083031
-0.009919
0.749568
0.058324
0.026482
0.017700
0.254288
0.029936
0.580627
0.077948
0.464853
0.025768
0.221169
0.037261
0.681158
0.066947
-0.012551
-0.009749
-0.091969
-0.007190
0.528124
0.024298
0.786638
0.073642
0.269071
0.004837
1.114804
0.098226
-0.015861
0.005107
0.102238
0.021334
0.574882
0.046142
-0.003430
-0.016934
0.434597
0.026641
0.246175
0.007506
-0.321921
-0.015309
-0.389554
-0.027733
-0.347554
-0.008443
0.658674
0.043153
0.426135
0.039203
0.124749
0.015827
0.508358
0.036472
0.118346
-0.004862
0.438552
0.033815
0.650718
0.049887
0.526814
0.043571
0.071326
0.007645
-0.138373
-0.028536
-0.203682
-0.033737
0.339092
0.014171
0.307113
0.006256
-0.135498
-0.019751
0.047414
-0.025201
0.178765
-0.005672
0.522908
0.017212
0.074692
-0.026613
-0.215686
-0.015155
-0.123049
-0.017953
0.373129
0.020847
0.163989
0.013077
0.007586
-0.004363
0.157117
0.002637
0.231085
0.030957
0.928065
0.071622
0.810572
0.069209
0.550968
0.030929
0.465296
0.040783
0.603417
0.028788
-0.053917
-0.014883
0.698895
0.037190
0.148974
-0.006822
0.275529
-0.026505
0.191219
-0.005746
0.397381
0.024286
-0.024849
-0.003802
0.233448
-0.017890
0.580174
0.031322
0.854878
0.066023
0.281931
-0.012899
0.891504
0.080470
0.270278
0.000815
0.890022
0.059997
0.480062
0.017971
0.477893
0.044725
-0.046133
-0.021539
0.296058
0.011154
-0.285008
-0.026962
-0.362116
-0.024673
-0.085296
-0.005648
0.307950
0.010003
-0.013627
0.006292
0.480124
0.017174
0.329296
0.024311
-0.276662
-0.025842
0.071013
0.005790
0.274262
0.003317
0.176993
0.001055
0.730044
0.066441
0.079903
0.009046
0.465758
0.033418
0.354963
0.015065
0.459600
0.040373
0.397852
0.024704
0.275334
-0.012404
0.242369
0.021827
0.090954
0.019201
-0.489470
-0.046978
0.203872
-0.006352
0.219866
0.006641
-0.340568
-0.033557
-0.112455
-0.036335
-0.312227
-0.061173
-0.185647
-0.049157
-0.176526
-0.039236
0.129111
-0.002500
-0.036970
-0.001378
0.040995
-0.005604
0.092186
-0.011338
0.082225
0.018361
-0.266221
-0.051819
0.201451
0.008046
-0.278791
-0.033736
-0.277605
-0.037276
-0.445227
-0.067295
-0.034467
-0.024637
-1.057217
-0.122105
-0.354881
-0.070665
-0.584829
-0.065512
-0.758205
-0.081988
-0.082992
-0.043762
-0.020213
-0.031237
-0.587452
-0.091907
-0.672263
-0.096251
-0.432469
-0.061452
-1.027545
-0.114211
-0.783717
-0.104006
-0.230071
-0.062353
-0.268350
-0.037499
-0.182702
-0.026445
0.147549
-0.020172
-0.350515
-0.055769
-0.628852
-0.079039
0.106312
-0.009421
-0.175558
-0.033596
-1.031855
-0.136854
-0.284204
-0.070969
-0.222411
-0.064785
-0.156716
-0.050003
-0.282546
-0.058788
-0.612715
-0.075744
-0.091500
-0.054799
-0.019315
-0.064823
-0.506262
-0.074459
-0.530479
-0.089488
0.137193
-0.045359
-0.457929
-0.072030
-0.552838
-0.097548
-0.269463
-0.044932
-0.073841
-0.062640
-0.709698
-0.101215
-0.333254
-0.052664
-0.010051
-0.025522
-0.103629
-0.042015
0.461966
0.010120
0.170141
-0.034860
0.214365
0.003771
-0.067760
-0.035547
0.176462
-0.021064
0.060573
-0.029910
0.312561
-0.011072
0.045639
-0.013911
-0.079099
-0.058741
-0.527018
-0.076741
-0.288125
-0.060799
0.143196
-0.036180
-0.180634
-0.015626
-0.190313
-0.035915
-0.020414
-0.034594
-0.175260
-0.068548
-0.024952
-0.061179
0.163231
-0.001544
-0.180365
-0.049715
-0.141275
-0.062147
0.116625
-0.023019
0.056823
-0.015852
-0.242004
-0.052453
0.543277
0.047744
0.335852
0.012632
0.760297
0.044114
0.354779
0.007392
0.383280
0.021950
0.385457
-0.006566
0.424838
0.011701
-0.132531
-0.046010
-0.454073
-0.049687
0.204315
0.001621
0.233934
-0.007174
-0.104909
-0.041925
0.184508
-0.010177
0.383936
0.024625
0.096807
0.005183
0.276087
0.002465
0.768465
0.028747
-0.348118
-0.018852
0.206471
0.040146
-0.182502
-0.010422
0.482473
0.070238
0.189112
0.050542
0.112265
0.039742
0.671979
0.071155
0.323653
0.039515
-0.009171
0.013438
-0.494775
-0.038001
0.115630
0.015620
0.384663
0.044617
0.193696
0.032531
0.153836
0.021631
0.197462
0.061430
0.600402
0.078457
-0.241337
-0.032361
0.489110
0.046282
0.063797
0.026275
0.099623
0.055529
0.034786
0.001657
0.078360
0.006786
0.412345
0.045446
-0.031857
0.002735
0.037924
0.003563
0.587097
0.058674
0.153211
0.014146
0.112293
0.012204
0.167175
0.034024
-0.031823
-0.001259
-0.027296
0.013549
-0.073355
0.003680
-0.114849
0.001474
0.036315
0.002790
0.453417
0.050422
0.086568
0.000834
-0.277006
-0.020332
0.021065
0.000882
0.189393
0.029755
-0.057261
0.014929
0.181459
0.041523
0.026949
0.002544
-0.296528
-0.000875
0.416577
0.043822
-0.217333
-0.020648
-0.386093
-0.047233
0.096677
0.008711
-0.359823
-0.026025
0.220272
0.018753
0.120278
0.021438
0.353685
0.059340
-0.170068
-0.007623
-0.243986
-0.030704
0.357282
0.029422
-0.338184
-0.026928
0.384012
0.046857
-0.212258
-0.027628
-0.097897
-0.017984
0.290372
0.012559
0.045448
0.008472
-0.174909
-0.007570
0.222642
0.020345
0.088931
0.004343
0.580786
0.063742
0.680973
0.079732
-0.312910
-0.013598
0.156307
0.006895
-0.606232
-0.055455
0.349198
0.018749
0.695463
0.069304
-0.428039
-0.031842
-0.152874
-0.006696
-0.086038
-0.009463
0.247737
0.025405
0.121416
0.023877
0.080685
0.022500
-0.364066
-0.051707
0.264508
0.047072
-0.165078
0.019181
0.070553
0.021549
-0.061308
-0.005586
-0.462177
-0.029584
-0.062399
0.006357
-0.065087
0.027391
0.155112
0.036849
-0.139366
-0.001386
0.275175
0.033962
0.241903
0.032722
0.294915
0.039801
0.402204
0.048773
0.041921
0.023772
-0.154576
0.012704
0.188702
0.016314
0.323128
0.025921
0.200340
0.039781
-0.111650
-0.002109
0.110446
0.017942
0.607186
0.057247
-0.174433
0.011615
0.125505
0.024619
0.540713
0.069563
0.475876
0.068882
-0.481726
-0.030018
0.808099
0.107154
0.546778
0.076369
0.395484
0.072715
0.515869
0.071811
0.354378
0.070520
0.443106
0.056734
0.145584
0.030669
0.162390
0.023751
1.007669
0.115838
-0.291092
0.009118
0.369010
0.050809
0.167874
0.027155
1.102276
0.123619
0.457969
0.043245
0.340567
0.049955
0.825026
0.100542
-0.020723
0.004471
0.923252
0.099241
0.726094
0.089459
0.296368
0.054844
0.771568
0.084656
0.534441
0.068792
0.022685
-0.010545
0.444745
0.017461
0.121839
0.034874
0.112126
0.009721
0.349734
0.038695
0.321287
0.043703
0.173960
0.025780
0.146102
0.031802
0.366333
0.023417
0.374874
0.031233
0.117416
0.010171
0.155238
0.002763
0.242580
0.039567
0.284500
0.029952
0.232576
0.028211
0.212394
0.037411
0.165438
0.038343
0.389911
0.059135
-0.220315
-0.015751
-0.189764
-0.001724
0.227150
0.047118
0.066680
0.027662
-0.142135
0.009664
-0.326134
-0.019219
-0.171908
0.008940
0.088573
0.005916
-0.564450
-0.044457
-0.013473
0.015937
-0.691065
-0.035592
-0.070520
-0.015300
-0.419032
-0.017855
-0.123390
-0.020345
-0.359724
-0.034308
0.158057
0.015796
-0.319023
-0.008722
-0.501894
-0.009702
0.137196
0.053012
-0.016926
0.026732
-0.150537
0.024549
-0.586903
-0.042252
-0.328975
-0.002660
-0.083154
0.014790
-0.277853
0.018736
-0.158634
0.016498
0.001135
0.030031
-0.191690
-0.000204
-0.513987
-0.019646
-0.172846
0.013368
-0.114614
0.024520
-0.517670
-0.021584
-0.585627
-0.015882
0.057818
0.024446
0.586654
0.073258
0.091939
0.055410
-0.121807
0.028952
-0.352839
-0.002063
-0.234880
-0.000535
-0.426721
-0.007757
-0.137502
0.015586
-1.039067
-0.072910
-0.262035
-0.006963
-0.212820
0.002766
-0.589529
-0.027788
-0.215420
-0.004570
-0.659946
-0.031707
-0.426294
-0.005875
-0.575346
-0.028718
-0.695064
-0.050926
-0.798047
-0.047525
-0.578071
-0.017805
-0.255714
-0.012511
-0.067724
0.025280
-0.449714
-0.027951
-0.424841
-0.010165
-0.263006
-0.019779
-0.423722
-0.026349
-0.093379
0.004374
-0.481206
-0.030796
-0.118875
-0.006035
-0.020695
0.008689
-0.073090
0.023150
0.007068
0.016407
-0.459341
-0.045791
-0.021198
0.015305
-0.139845
0.020857
0.153588
0.035699
-0.127526
0.000546
-0.039077
0.002550
-0.541047
-0.052341
-0.823159
-0.077560
-0.162121
-0.014983
-0.477847
-0.029045
0.142634
0.020743
0.174113
0.007676
-0.272583
-0.011708
-0.277344
-0.023829
-0.238907
-0.027724
-0.421716
-0.054696
0.305417
0.045864
-0.852267
-0.073100
-0.744451
-0.068099
-0.581760
-0.067331
-0.116453
-0.002365
-0.303916
-0.044231
-0.600152
-0.069323
-0.331729
-0.034263
-0.201761
-0.006473
-0.181886
-0.007807
0.260359
0.019815
-0.254952
-0.033577
0.202336
0.024875
-0.139967
-0.023400
-0.435463
-0.047176
-0.114972
-0.039292
-0.258608
-0.037495
-0.301380
-0.041243
0.168371
-0.007515
-0.215414
-0.049734
0.054175
-0.024192
-0.639210
-0.094833
0.133092
0.001128
0.055308
-0.012313
0.319433
0.012947
-0.369662
-0.064261
0.151861
-0.006786
-0.165845
-0.055029
-0.128766
-0.041744
0.330973
-0.000182
0.301564
0.004855
0.423900
0.007496
-0.013494
-0.035628
-0.270501
-0.038760
0.007799
-0.026719
0.559275
0.013866
0.137064
0.000063
0.634076
0.069480
0.279782
0.025084
-0.097268
-0.022289
0.164060
0.024723
0.382596
0.036345
-0.037807
-0.024589
0.343552
0.033610
-0.147849
-0.017333
0.031145
-0.000022
0.057235
-0.015303
0.073404
-0.003478
-0.371556
-0.054171
0.006462
-0.030904
0.220813
0.003341
0.590581
0.056419
0.284616
0.010964
0.304734
0.032150
0.130174
0.015890
0.691631
0.057822
-0.223481
-0.019332
-0.284479
-0.033597
0.278843
0.001941
0.100463
0.014562
-0.262506
-0.030257
-0.076832
-0.013277
0.034209
-0.031471
0.216169
-0.001963
-0.281130
-0.037786
-0.139758
-0.007648
0.400773
0.005368
0.155588
-0.013683
-0.639460
-0.067297
0.345054
0.000023
-0.356515
-0.033982
-0.309099
-0.027912
-0.232106
-0.064146
-0.078633
-0.027360
-0.078569
-0.017017
0.685343
0.052921
-0.487383
-0.040920
-0.699501
-0.101193
-0.198145
-0.051992
0.386272
0.041750
-0.041400
-0.038749
-0.333799
-0.066919
0.137898
-0.029636
0.031339
-0.001569
0.216285
0.018555
-0.259077
-0.049549
-0.046566
-0.019309
0.077474
-0.022117
-0.313298
-0.041877
-0.331828
-0.041528
-0.132692
-0.046569
0.458227
0.033424
0.249330
0.010127
-0.156826
-0.035065
-0.607116
-0.068218
-0.485471
-0.054046
-0.203053
-0.052076
-0.648827
-0.102405
-0.321531
-0.046880
-0.456978
-0.062079
-0.014638
-0.034398
-0.505497
-0.073976
-0.723349
-0.097923
-0.389217
-0.071286
-0.370510
-0.057262
-0.200880
-0.047070
0.294925
-0.007535
-0.908414
-0.111485
0.018997
-0.025399
-0.518777
-0.081010
-0.238542
-0.049484
-0.229269
-0.059458
-0.899965
-0.116792
-0.313227
-0.048474
-0.439842
-0.053574
-1.127126
-0.136013
-0.024097
-0.027355
0.091889
-0.029683
-0.520069
-0.088598
-0.493398
-0.077214
-0.824578
-0.123072
-0.410134
-0.086520
-0.184614
-0.046008
-0.566904
-0.108405
-0.239543
-0.065382
-0.538843
-0.083654
-0.338693
-0.053257
-0.421537
-0.072368
-0.479420
-0.072244
-0.645910
-0.100270
-0.507264
-0.078780
-0.319975
-0.059750
-0.935821
-0.116080
-0.414277
-0.074140
-0.444774
-0.092838
-0.427175
-0.091603
-0.439327
-0.088958
-0.013588
-0.068896
-0.011462
-0.047806
-0.229353
-0.060351
0.041004
-0.030112
-0.161812
-0.053184
-0.368821
-0.068034
-0.352508
-0.076328
-0.210486
-0.044260
-0.343726
-0.047627
-0.531782
-0.099365
-0.486349
-0.078363
-0.320618
-0.054149
-0.163787
-0.056127
-0.423002
-0.056977
-0.200330
-0.055587
-0.545141
-0.099325
-0.610812
-0.077745
0.070241
-0.031542
-0.383542
-0.067824
-0.507186
-0.081484
-0.323270
-0.074209
0.395774
-0.009498
0.253293
-0.015105
0.174044
-0.021744
0.241106
-0.025124
-0.367635
-0.063708
-0.077165
-0.044498
-0.183417
-0.061015
-0.228559
-0.064088
0.596318
0.016133
-0.444982
-0.077868
0.159458
-0.003892
-0.071004
-0.047561
0.047333
-0.032714
-0.030248
-0.039059
0.270025
0.023695
0.170974
-0.011469
-0.148065
-0.031655
-0.029021
-0.013005
0.010802
-0.033225
0.521995
0.014761
0.193825
-0.012306
0.384850
0.023546
-0.460149
-0.042997
0.170754
0.015940
0.544292
0.045756
0.207188
0.005380
0.591671
0.034227
0.252354
0.016122
0.159348
-0.010574
0.321772
0.039059
0.536943
0.062531
-0.058032
0.009721
0.363762
0.044371
0.934075
0.069060
0.635029
0.035169
0.252733
0.028121
-0.010565
0.002402
0.153745
0.015019
0.535804
0.039733
0.331369
0.021795
-0.282494
-0.051164
0.303240
0.014942
0.418195
0.017015
0.565473
0.018730
-0.133305
-0.058788
0.357560
0.027060
0.025520
-0.009988
0.226580
0.005138
0.324151
0.015854
0.534506
0.023698
0.276424
0.004988
0.075869
-0.005953
0.038803
-0.004743
0.029854
-0.035991
-0.354079
-0.042139
0.351217
-0.025349
0.400358
0.000396
0.157210
0.002690
0.021620
-0.015505
0.399203
0.034531
0.708903
0.052287
0.485294
0.035872
0.287006
0.033783
-0.079153
-0.000092
-0.023344
-0.006226
-0.168924
-0.017782
0.261030
0.023775
0.673858
0.043915
0.404935
0.016833
-0.173870
0.001103
-0.492088
-0.053903
-0.666221
-0.059583
0.088690
-0.009480
0.187678
0.019241
0.324629
0.035883
0.024266
0.003332
0.275874
-0.006594
-0.074522
0.001422
-0.227477
-0.014964
0.040689
-0.001723
0.500152
0.041342
0.224142
0.038475
0.701684
0.067038
-0.079605
0.002895
-0.216283
-0.022778
0.331358
0.019377
0.554659
0.064289
-0.299797
-0.007714
0.381350
0.013980
0.507150
0.064955
-0.326497
-0.022799
0.150577
0.008117
0.396374
0.027519
0.126237
-0.001540
0.111410
0.014474
0.079858
0.032409
0.151030
0.020791
0.273943
0.033164
0.198016
0.019931
-0.574428
-0.005074
-0.194857
-0.022767
-0.482697
-0.018181
-0.349331
0.010754
-0.299930
-0.012524
-0.232305
0.004488
0.210349
0.036799
-0.601478
-0.037071
-0.005056
0.004662
-0.280090
0.013626
-0.000478
0.025795
-0.327210
-0.001564
-0.098636
0.025834
-0.458967
-0.037369
-0.237950
0.010539
-0.129137
0.023697
-0.026698
0.026796
0.088878
0.042720
-0.420774
-0.005163
-0.593378
-0.033218
-0.845120
-0.042723
-0.310261
-0.009213
0.334871
0.053914
0.134777
0.057457
-0.012387
0.021165
-0.342291
-0.003032
0.213020
0.047891
0.344713
0.038944
0.257840
0.066834
-0.231985
0.001890
0.327899
0.068951
-0.314954
-0.009990
0.383611
0.047314
-0.240732
0.021070
-0.068190
0.009007
0.295719
0.062915
-0.244459
0.001350
0.300147
0.050203
0.046164
0.021942
-0.364960
-0.016852
-0.540732
-0.033559
0.046785
0.028666
0.113504
0.028127
-0.111524
0.020363
-0.135037
-0.005869
0.369815
0.048820
-0.103867
-0.013861
0.103614
0.004996
0.006307
0.018332
0.268139
0.013006
-0.054559
0.005684
0.021803
-0.010669
-0.129991
0.019315
-0.101810
0.012691
0.284453
0.020800
-0.225281
0.013399
0.031467
-0.007257
-0.086185
-0.001263
0.107472
0.010713
0.060847
0.015721
-0.294886
-0.044393
-0.902800
-0.070930
-0.569381
-0.054612
-0.416515
-0.030435
-0.455362
-0.053875
-0.365486
-0.046237
0.317879
0.035852
-0.590638
-0.062307
-0.096989
-0.019589
-0.576849
-0.052898
-0.184030
-0.022241
0.076492
0.017909
-0.241256
-0.013915
-0.171237
-0.007195
-0.536704
-0.041366
-0.398860
-0.049129
-0.124842
-0.013641
-0.133968
-0.003167
-0.227691
-0.031151
-0.630101
-0.063937
0.042042
0.019435
-0.290089
-0.008752
-0.165263
-0.004288
-0.023356
0.008600
0.035950
0.008403
-0.032661
-0.024699
-0.154085
-0.027311
-0.247863
-0.023616
-0.127111
-0.008938
-0.365662
-0.017820
-0.256410
-0.030866
-0.264777
-0.003795
-0.568614
-0.046200
0.382555
0.056525
0.055952
0.030519
-0.622054
-0.065487
-0.505701
-0.030712
-0.007969
0.003630
-0.260632
-0.039477
-0.454272
-0.028532
0.069881
0.054762
-0.491964
-0.020866
-0.525320
-0.035329
-0.616767
-0.055263
-0.370407
0.006968
0.167491
0.039831
-0.044462
0.017570
-0.314758
0.001893
-0.492140
-0.034779
0.063700
0.027468
-0.260452
-0.010545
0.200740
0.047757
-0.329733
-0.017251
0.301026
0.027083
0.067088
0.020746
-0.049816
0.001581
-0.656495
-0.045823
-0.154841
0.011401
-0.152298
0.003238
-0.084685
0.025614
-0.613114
-0.066582
-0.528992
-0.080443
-0.202832
-0.016722
-0.626275
-0.065708
0.199868
0.003274
-0.170327
-0.005492
-0.393889
-0.056008
-0.035031
0.000755
-0.457933
-0.043829
-0.376342
-0.028972
-0.175997
-0.041220
-0.516054
-0.055568
-0.735673
-0.087991
-0.546800
-0.038333
-0.432420
-0.027871
-0.150504
-0.032522
0.414749
0.032953
0.057463
-0.024241
-0.048825
0.002376
0.019433
0.003073
-0.623022
-0.059260
-0.749586
-0.106021
-0.489546
-0.057235
-1.095643
-0.118241
-1.170904
-0.124626
-0.927082
-0.108053
-0.945428
-0.097939
-0.495844
-0.043553
-0.945716
-0.116516
-0.764287
-0.090964
-0.174051
-0.035602
-0.538788
-0.063277
-0.495758
-0.061430
-0.412646
-0.054331
-0.124410
-0.030735
-0.786738
-0.095620
-0.476133
-0.063864
-0.141353
-0.027844
-0.120412
-0.022211
-0.422036
-0.059609
-0.644204
-0.083767
-0.447847
-0.046798
-0.876036
-0.094122
-0.339326
-0.050128
-0.388828
-0.045129
-0.862720
-0.081796
-0.537474
-0.053263
-1.097829
-0.093211
-0.518327
-0.048280
-0.572073
-0.072270
0.509442
0.014619
-0.456948
-0.058168
-0.292557
-0.072436
-0.940766
-0.104808
-0.477565
-0.067026
-0.418110
-0.050088
-0.595294
-0.068147
-0.164944
-0.039626
-0.765149
-0.091312
-0.146297
-0.007266
-0.713091
-0.087336
-0.459647
-0.037006
-0.472608
-0.062134
-0.064368
0.029782
-0.300736
-0.051391
-0.011911
0.008155
-0.370760
-0.037061
-0.268424
-0.033833
-0.490365
-0.053399
-0.427145
-0.049073
-0.301345
-0.044376
-0.210401
-0.007877
-0.408938
-0.044378
-0.416235
-0.060785
-0.310106
-0.027964
-0.396578
-0.032921
-0.581281
-0.044140
-0.594658
-0.039580
-0.369148
-0.031359
-0.146915
-0.043981
-0.531574
-0.080627
0.254518
0.004038
-0.730244
-0.057498
-0.143110
-0.019967
0.187640
-0.004166
-0.539834
-0.060263
0.226038
0.009135
0.127150
0.007459
0.044318
-0.004534
-0.490485
-0.043547
-0.010558
-0.015874
-0.146086
-0.016977
-0.413631
-0.036916
0.002618
0.000662
0.104259
0.018079
-0.487046
-0.024941
-0.238334
-0.033227
-0.540234
-0.049320
-0.454235
-0.047364
-0.690345
-0.074922
-0.110121
-0.012362
-0.721968
-0.088789
-0.460645
-0.058303
-0.501016
-0.059848
-0.278001
-0.029744
0.245797
0.008099
-0.119832
-0.030064
-0.100633
-0.025832
-0.312796
-0.054920
0.272930
-0.013626
0.303540
-0.011265
-0.161607
-0.035239
-0.411475
-0.058381
0.013523
-0.014047
-0.321756
-0.044343
0.008033
-0.028442
0.095322
-0.022040
0.199648
0.000200
-0.177702
-0.037589
-0.101396
-0.013145
-0.199706
-0.050874
-0.027612
-0.033078
-0.471012
-0.077910
-0.287406
-0.045394
-0.274559
-0.068822
-0.537854
-0.072446
-0.253124
-0.033238
-0.357647
-0.065728
-0.153575
-0.038907
0.446452
0.002154
-0.457925
-0.069889
-0.166720
-0.022722
-0.297349
-0.039514
-0.879282
-0.078434
-0.175833
-0.064819
0.226230
0.006419
-0.372382
-0.054539
0.096683
0.013447
-0.775997
-0.088666
-0.373333
-0.055578
-0.430928
-0.087533
-0.476308
-0.092513
0.054930
0.002619
-0.847499
-0.088243
-0.259948
-0.065709
-0.710713
-0.109207
-0.723489
-0.112961
-0.408413
-0.088589
-0.130332
-0.064853
-0.177109
-0.051045
-0.393713
-0.078899
-0.602436
-0.111339
0.100112
-0.019601
-0.234636
-0.074522
-0.011235
-0.037001
-0.226239
-0.073567
-0.895304
-0.131321
-0.671607
-0.085079
0.006628
-0.047794
-0.530882
-0.092064
-0.295652
-0.060581
-0.416284
-0.068822
-0.653524
-0.108821
0.229732
-0.024683
-0.360242
-0.072291
-0.142540
-0.040669
-0.068208
-0.038584
-0.404162
-0.072053
-0.651379
-0.116897
-0.341355
-0.072857
-0.583175
-0.092831
0.175998
-0.003492
-0.140530
-0.047594
-0.390115
-0.079200
-0.522581
-0.084388
-0.129672
-0.060180
-0.288571
-0.073931
-0.394667
-0.052563
-0.674663
-0.088849
0.038432
-0.030094
-0.133888
-0.054915
-0.285494
-0.069503
-0.189759
-0.058912
0.047425
-0.053239
-0.441196
-0.072394
-0.166215
-0.051526
-0.116803
-0.038643
-0.340072
-0.044054
0.018694
-0.024866
-0.441295
-0.058339
-0.167372
-0.034264
-0.117764
-0.045886
-0.355846
-0.072923
-0.055197
-0.058940
0.086725
-0.033770
-0.176110
-0.071393
0.252672
-0.022216
0.005384
-0.047051
-0.015156
-0.042752
-0.004368
-0.026977
0.190473
-0.033634
-0.243731
-0.063701
0.098615
-0.029005
-0.115468
-0.066859
0.269172
-0.051549
0.008937
-0.030392
0.511989
0.006838
0.674893
0.042393
0.543056
0.019002
0.661161
0.003817
0.473372
-0.008182
0.093540
-0.018732
0.149804
-0.015530
-0.096948
-0.049868
-0.063365
-0.038477
-0.562608
-0.081436
0.465589
-0.002477
0.336460
-0.011709
0.419636
0.011570
-0.055076
-0.049234
0.556010
0.020585
0.611480
0.018338
0.204947
-0.026791
0.073419
-0.001142
0.705316
0.055026
0.170106
-0.002307
0.317930
-0.008139
-0.083931
-0.034469
-0.191365
-0.031334
0.474347
0.017526
0.111550
-0.031533
0.269943
-0.008932
0.073838
-0.001148
0.257525
0.009886
0.320536
-0.008048
-0.161405
-0.039018
0.255256
-0.007160
-0.117808
-0.027873
0.309776
0.026839
0.353948
0.029908
0.106928
-0.001522
-0.314044
-0.043228
0.160311
0.045410
-0.451723
-0.060165
-0.106272
-0.012139
0.014471
-0.012093
-0.573345
-0.073592
0.269513
0.023007
0.001928
-0.016923
-0.302049
-0.027010
0.195361
0.001322
-0.265698
-0.013952
-0.232453
-0.007963
-0.414898
-0.042579
-0.592327
-0.058350
0.201576
0.019925
-0.277362
-0.016131
0.181084
0.009412
0.428801
0.029716
-0.524073
-0.047083
-0.519449
-0.068539
-0.133651
-0.008435
0.701752
0.060774
0.028014
-0.006319
-0.165362
-0.041450
-0.474403
-0.053586
0.025267
0.006199
-0.208712
-0.016679
0.436518
0.057094
-0.076557
-0.037213
-0.077622
-0.024445
0.194388
0.028286
0.283881
0.018440
0.209034
0.033076
0.344934
0.047683
-0.061367
0.013913
0.102147
0.017425
0.369870
0.036711
-0.375368
-0.034156
-0.200820
-0.015668
0.165244
0.030290
0.381311
0.026299
0.166667
0.036543
-0.187615
-0.000526
-0.384674
-0.025377
0.403537
0.051312
0.030043
0.000721
0.142974
0.014486
-0.115520
-0.013987
0.187029
0.023406
-0.179264
-0.007539
-0.536430
-0.046749
-0.000896
0.013290
0.575604
0.064615
-0.223709
-0.018470
-0.146208
-0.016796
0.146564
0.002923
-0.201097
-0.014167
-0.142469
-0.028143
-0.684621
-0.044595
-0.152991
-0.004842
-0.535146
-0.022773
-0.330761
-0.022771
-0.390575
-0.015967
-0.827502
-0.065634
-0.199731
-0.008701
-0.091711
0.012884
-0.253652
-0.012566
-0.612514
-0.034680
-0.209902
-0.035278
-0.309715
-0.024686
-0.215421
-0.014689
-0.016609
0.022758
-0.057965
0.004486
-0.073242
-0.005631
-0.554245
-0.044435
-0.201522
-0.023008
-0.353793
-0.018804
-0.088716
0.014482
-0.308719
-0.021049
0.025862
0.010070
0.285787
0.048341
-0.190078
-0.007082
0.062598
0.021981
0.421853
0.055144
0.415492
0.029972
0.281607
0.032896
0.052279
0.014422
0.402861
0.054420
-0.465430
-0.045264
-0.017494
-0.010063
0.336959
0.048904
0.100842
-0.014522
-0.461405
-0.036470
0.133661
0.024515
-0.322784
-0.018022
-0.015198
-0.013979
0.434731
0.060124
0.320069
0.066883
-0.171930
-0.007657
-0.296271
-0.037399
0.053079
0.014415
-0.461686
-0.035055
-0.308569
-0.049712
-0.155757
0.003784
0.250899
0.018163
-0.299519
0.001287
-0.726728
-0.047547
-0.175558
-0.023942
0.216148
0.031425
0.178088
0.042885
-0.587103
-0.046558
0.273557
0.024583
-0.346973
-0.031734
-0.709094
-0.071002
0.091511
0.005687
-0.157096
0.002534
0.104204
0.031448
0.002677
0.009259
0.332998
0.031923
-0.225390
0.039958
0.064295
0.013913
-0.280667
-0.003912
-0.156117
0.002066
-0.430549
-0.001600
-0.056029
0.026588
-0.083244
-0.007972
0.129237
0.044326
-0.152275
0.016103
-0.221364
0.016460
0.037449
0.016550
0.280719
0.048391
-0.183120
0.015718
-0.533130
0.001482
0.409236
0.067607
0.099694
0.026783
0.202926
0.027934
0.118687
0.037507
-0.322516
0.005758
0.251725
0.054698
-0.089765
0.008296
-0.687899
-0.029966
-0.459748
-0.046813
-0.162596
0.000502
-0.347414
-0.021463
-0.571123
-0.019614
-0.290181
-0.010327
-0.522975
-0.014039
-0.502233
0.003051
-0.137341
0.003974
-0.423465
-0.003680
0.145754
0.048895
-0.001223
0.015667
-0.395887
-0.025790
-0.654267
-0.025835
0.246451
0.072043
-0.397753
-0.022534
-0.226557
-0.005101
-0.371817
-0.016991
-0.217861
-0.011042
-0.655421
-0.061350
-0.283527
-0.005196
-0.509726
-0.051663
-0.293215
-0.042635
-0.944593
-0.086815
-0.302226
-0.001521
-0.228230
-0.032659
-0.187208
-0.023535
-0.346746
-0.035820
-0.700672
-0.083984
-0.134925
-0.005161
-0.664245
-0.069001
-0.568737
-0.025276
-0.522081
-0.055473
-0.351424
-0.053493
-0.316346
-0.041302
-0.459401
-0.030607
-0.534740
-0.053262
-0.287659
-0.041997
-0.386681
-0.018992
-0.796372
-0.093467
-0.670627
-0.088498
-0.691472
-0.093443
-0.491017
-0.059060
-0.275776
-0.053289
-0.795459
-0.088503
-0.250171
-0.063471
0.240523
-0.012974
-0.541574
-0.059714
-0.386663
-0.062884
-1.119515
-0.115780
-0.374582
-0.050029
-0.731933
-0.091720
-0.338709
-0.057342
-0.523765
-0.063019
-0.146283
-0.045962
-0.366123
-0.049748
0.048820
-0.022571
-0.734277
-0.102052
-0.731292
-0.073071
-0.133250
-0.036643
-0.682971
-0.083180
-0.335988
-0.042437
-0.360075
-0.063280
0.071828
-0.009177
-0.320521
-0.045863
-0.372559
-0.053724
-0.388024
-0.055368
-0.379987
-0.065828
-0.601239
-0.085070
-0.714907
-0.073414
-0.443401
-0.038662
-0.474480
-0.068780
-0.820322
-0.100069
-0.206287
-0.020193
-0.439409
-0.069089
-0.531554
-0.057914
-0.689436
-0.083442
-0.303526
-0.054214
-0.080186
-0.039869
-0.185399
-0.052999
-0.145463
-0.013405
0.203842
-0.014415
0.114492
-0.020811
-0.238935
-0.024985
-0.239468
-0.043757
-0.458147
-0.063322
-0.552486
-0.054732
-0.241738
-0.043962
-0.514592
-0.083029
0.136638
-0.019720
0.056996
-0.014321
-0.662938
-0.080435
-0.164701
-0.040553
-0.972055
-0.096947
-0.316026
-0.054920
-0.222322
-0.026948
-0.285098
-0.056624
-0.048899
-0.008217
0.459640
0.017182
-0.287899
-0.015179
0.235409
0.018850
-0.969663
-0.087710
-0.306208
-0.026009
0.097260
-0.008192
-0.539136
-0.057441
-0.149148
-0.030474
-0.399216
-0.025437
-0.203595
-0.007100
0.024652
0.013984
-0.285527
-0.016987
0.003820
0.009826
-0.071817
-0.018277
-0.021739
0.002157
-0.161566
-0.020079
-0.392309
-0.028942
-0.364709
-0.030641
-0.609668
-0.037501
-0.044101
0.007844
-0.192211
-0.005316
-0.021969
-0.006141
-0.101698
-0.015717
-0.280211
-0.041317
-0.271753
-0.044378
-0.000229
-0.004127
0.166008
0.000194
-0.343124
-0.037762
0.112311
-0.021737
-0.337349
-0.024809
-0.093774
-0.004221
-0.227244
-0.024893
-0.047994
0.005516
-0.030847
-0.023613
0.375331
0.033480
-0.103940
-0.021733
-0.046728
-0.012517
0.120886
-0.003258
-0.397684
-0.052407
-0.015057
-0.032413
-0.130218
-0.018987
-0.450940
-0.056392
-0.239013
-0.039179
0.149045
-0.004759
-0.239047
-0.045203
-0.368524
-0.046898
-0.446094
-0.067801
-0.131831
-0.030110
-0.252260
-0.048254
0.155474
0.021196
0.331398
0.032966
0.071014
-0.009821
-0.420381
-0.045922
0.109682
-0.003209
-0.598845
-0.065231
0.432082
0.007659
-0.229414
-0.028289
-0.442897
-0.058586
-0.059620
-0.041789
-0.314359
-0.069563
-0.252162
-0.038936
-0.023259
-0.032131
-0.713535
-0.104449
-0.289009
-0.032302
-0.212303
-0.037563
0.332083
-0.007578
-0.228619
-0.064909
-0.431696
-0.088145
-0.732098
-0.106651
-0.057148
-0.026773
-0.291584
-0.075752
-0.491637
-0.070296
-0.455208
-0.062771
-0.289760
-0.086289
-0.361640
-0.083767
-0.577387
-0.098655
-0.389973
-0.073431
-0.230708
-0.040748
-0.703368
-0.096632
-0.249759
-0.042043
-0.388457
-0.054886
-0.083304
-0.053026
-0.457378
-0.062389
0.223494
-0.037767
-0.448435
-0.097389
-0.405346
-0.084203
0.115444
-0.021389
-0.627690
-0.065598
-0.429987
-0.088575
0.151770
-0.039368
-0.165043
-0.080027
-0.069655
-0.070027
-0.376772
-0.060650
-0.439102
-0.074932
-0.541739
-0.088497
-0.003060
-0.028907
-0.619135
-0.110697
-0.229936
-0.039461
-0.557378
-0.106784
-0.016632
-0.029449
-0.204694
-0.051075
-0.475280
-0.102233
-0.042900
-0.013879
-0.045314
-0.013675
-0.106816
-0.029153
-0.238644
-0.037485
0.133540
-0.027608
0.366212
0.013257
-0.600150
-0.091363
-0.211117
-0.049278
-0.616974
-0.060005
-0.094619
-0.051363
-0.112633
-0.053500
0.020024
-0.041441
-0.304046
-0.050284
-0.029806
-0.039535
0.074877
-0.011842
-0.245096
-0.067676
-0.190902
-0.055203
-0.100096
-0.037240
-0.361901
-0.092403
0.470678
-0.001617
-0.156954
-0.047390
-0.008065
-0.041151
-0.507566
-0.074783
0.015530
-0.036131
0.308898
-0.022823
-0.056897
-0.041959
0.301280
-0.016294
-0.305993
-0.081795
-0.337920
-0.064251
0.097889
-0.048505
0.269749
-0.027573
0.099997
-0.039900
0.119224
-0.029237
-0.121571
-0.063452
-0.083026
-0.043568
0.152221
-0.023388
0.153390
-0.011312
-0.028421
-0.048152
-0.284088
-0.039755
0.191071
-0.019096
0.009398
0.002092
-0.461020
-0.069604
0.451858
0.009578
0.126164
-0.040429
0.330932
-0.028323
-0.021842
-0.040705
-0.532073
-0.103087
0.219567
-0.017264
0.552220
0.026803
0.068711
-0.047432
0.396408
-0.013321
0.268908
0.004717
-0.089542
-0.030299
-0.058743
-0.038032
0.329466
-0.003582
0.296133
0.012144
0.096582
-0.009005
0.419595
0.019983
-0.221825
-0.052439
-0.509645
-0.074877
-0.154780
-0.021365
-0.053443
-0.021443
-0.316185
-0.031091
-0.658773
-0.064144
-0.261591
-0.058208
0.059346
-0.019279
-0.117972
-0.036177
0.309884
0.010920
0.021279
-0.007212
-0.293881
-0.028084
-0.012041
-0.012480
-0.288275
-0.044404
-0.516687
-0.055225
-0.048055
-0.032143
-0.399256
-0.072748
-0.071316
-0.020316
0.208916
0.016642
0.047700
-0.006140
0.179858
-0.017987
-0.935925
-0.096163
-0.844159
-0.094363
-0.732898
-0.074683
-0.284116
-0.021445
-0.795300
-0.091391
-0.519279
-0.038309
-0.797854
-0.097680
-0.720755
-0.072918
-0.202935
-0.020408
-0.372132
-0.033327
-0.882971
-0.070881
-0.068344
-0.016586
-0.519923
-0.070111
-1.042904
-0.103137
-0.959133
-0.107930
-0.963525
-0.101017
-0.283318
-0.030432
-0.822646
-0.082809
-0.595279
-0.066289
-0.501005
-0.024158
-0.703507
-0.107469
-0.728374
-0.073601
-0.264746
-0.045161
-1.089180
-0.134409
-0.405130
-0.076857
-0.582920
-0.085649
-0.952468
-0.099365
-0.964401
-0.092393
-0.340733
-0.066463
-0.602168
-0.082228
-0.044787
-0.021402
-0.963142
-0.114715
-0.995292
-0.116929
-0.705771
-0.096340
-1.368284
-0.133346
-0.594265
-0.085687
-0.670407
-0.082089
-1.172608
-0.120239
-0.944053
-0.130623
-0.412214
-0.058062
-0.092775
-0.030395
0.012407
-0.011117
-0.309030
-0.053007
-0.117698
-0.012426
0.056574
-0.016841
-0.149347
-0.021954
-0.111024
-0.040052
-0.293567
-0.029815
-0.357218
-0.057567
-0.125361
-0.049140
-0.041901
-0.015459
-0.275889
-0.021144
0.237132
0.035865
-0.707159
-0.071231
-0.508216
-0.065677
-0.207592
-0.017862
-0.586416
-0.079962
-1.112359
-0.124384
-0.001895
-0.021937
-1.062189
-0.090679
-0.086305
-0.009881
-0.082324
0.015084
-0.618374
-0.043338
0.260745
0.031369
-0.333910
-0.038643
0.453299
0.064955
-0.152988
-0.011028
-0.643214
-0.067453
-0.010159
0.010232
-0.517854
-0.050263
0.173578
0.007053
-0.163284
-0.009472
0.267513
0.000028
-0.544150
-0.040013
0.178471
0.031293
-0.144721
-0.006175
0.087916
0.004682
-0.234811
-0.011515
0.096155
0.013440
-0.174775
-0.015876
-0.368840
-0.021642
-0.008037
-0.016470
-0.538208
-0.046826
0.307666
0.058292
-0.169143
0.002985
-0.272822
-0.015701
-0.233926
0.006260
0.289228
0.024438
-0.220902
-0.001036
-0.082349
0.005862
-0.361896
-0.025023
0.226382
0.022934
0.060647
0.002351
-0.335173
-0.011302
-0.012637
0.015416
-0.267463
-0.025518
-0.286528
-0.006106
-0.015817
0.025711
0.084965
-0.013542
-0.130287
0.012656
0.441132
0.060097
-0.015378
-0.006607
-0.221613
0.014670
0.454957
0.064468
-0.271953
-0.023615
-0.062826
-0.013963
-0.365839
-0.010796
0.403560
0.013063
-0.217327
0.003879
0.242226
0.023535
-0.264176
-0.016750
0.233990
0.009401
-0.086540
-0.002697
0.410654
0.028657
-0.184450
0.016568
-0.031432
-0.011118
-0.330967
-0.018436
-0.148457
-0.004975
-0.135458
0.006046
-0.517678
-0.043005
0.032352
0.033949
0.052585
0.006530
-0.122240
0.001783
0.018357
0.021034
0.477136
0.049352
0.284926
0.049766
0.878438
0.101689
-0.298711
-0.021060
0.009542
0.001890
0.309796
0.009462
-0.283498
-0.040175
-0.022345
0.024737
0.106589
0.042449
-0.372520
-0.006170
0.204611
0.024530
0.098116
0.027875
-0.118935
-0.019784
0.205579
0.028710
-0.113090
0.009937
-0.101936
-0.003061
-0.397420
-0.040070
-0.016799
-0.020518
0.087516
0.022246
0.280904
0.010316
-0.156659
-0.027409
0.416642
0.036295
-0.309985
-0.021502
-0.338331
-0.006102
0.150995
-0.007820
-0.393208
-0.047848
0.288350
0.022265
0.239569
0.022641
-0.374136
-0.022829
0.774242
0.039401
0.188571
0.007935
0.088605
-0.005440
-0.015727
-0.005255
-0.263563
-0.013620
0.004494
-0.004484
-0.197466
-0.033986
-0.148511
-0.036647
-0.848416
-0.071813
-0.147308
-0.006837
-0.624999
-0.061175
-0.803822
-0.092719
-0.107274
-0.021211
-0.821877
-0.077581
-0.349342
-0.050197
-0.352528
-0.031080
-0.906838
-0.102932
-0.187310
-0.025983
-0.513271
-0.053592
-0.056385
-0.040401
-0.210318
-0.020452
-0.233093
-0.034740
-0.408163
-0.032727
-0.670611
-0.050710
-0.734325
-0.063134
-0.200682
-0.006855
-0.533917
-0.057462
-0.750162
-0.084084
-0.700924
-0.071883
-0.198928
-0.028004
-0.612353
-0.066172
-0.882915
-0.083497
-0.372143
-0.033125
-0.612576
-0.082456
-0.438950
-0.025467
-0.372832
-0.025402
-0.583214
-0.053008
-0.440484
-0.032848
-0.407671
-0.032403
-0.509001
-0.059128
-0.939320
-0.102610
-0.513563
-0.052552
-0.323836
-0.025669
-1.056028
-0.122697
-0.488036
-0.045162
-0.822924
-0.084440
-0.548910
-0.052569
-0.297271
-0.046532
0.036045
-0.014045
0.180105
0.011305
0.282458
-0.001610
0.008634
-0.011381
0.273097
-0.016262
0.445063
0.008656
0.233693
-0.005243
-0.094733
-0.029322
0.910830
0.070537
0.545214
0.044448
0.434044
0.020767
0.471963
0.047418
0.202248
0.013981
0.210140
-0.006942
-0.495040
-0.057415
0.204527
-0.005989
-0.045198
-0.009894
-0.185227
-0.046619
-0.554687
-0.068566
0.653540
0.046695
-0.064564
-0.004173
0.082126
-0.018557
0.525770
0.036305
0.039657
-0.003417
-0.021670
-0.023226
0.429347
0.024781
0.264781
0.014919
0.800687
0.060421
0.484761
0.041669
-0.053178
-0.016145
0.488558
0.041563
0.447145
0.013969
0.317295
0.015902
-0.130535
-0.018247
0.812659
0.064168
0.453196
0.037515
0.599064
0.043225
0.405232
0.038642
0.322444
0.014590
0.131275
0.022939
0.032642
0.009621
-0.251769
-0.013405
0.056776
-0.015579
-0.331009
-0.029157
-0.124352
-0.003675
-0.398748
-0.052549
0.072539
0.025782
-0.257911
-0.040648
-0.066025
-0.003947
0.447796
0.041903
0.300152
0.031417
-0.038991
0.011902
0.094116
-0.005411
0.065607
0.008513
-0.113439
-0.008162
0.224352
-0.007829
0.163247
0.025385
-0.280426
-0.049071
0.053205
-0.015152
-0.238044
-0.040998
0.053582
-0.006548
0.065095
-0.017035
-0.088078
-0.040251
0.105454
-0.020722
-0.395783
-0.072024
0.010095
-0.021176
-0.412795
-0.065614
0.033157
-0.010993
-0.031983
-0.000768
0.357019
0.041226
-0.225978
-0.027629
0.111540
0.016226
-0.081018
-0.003911
-0.785001
-0.077000
-0.429484
-0.060138
0.256438
0.036398
-0.289785
-0.039966
-0.019693
0.001570
-0.286206
-0.023601
-0.396099
-0.072475
0.024723
-0.061293
-0.188120
-0.051972
-0.368322
-0.084496
0.080611
-0.030598
-0.196816
-0.054688
-0.336286
-0.053900
-0.236313
-0.065815
-0.349675
-0.085882
-0.428469
-0.050567
-0.493882
-0.086775
-0.309473
-0.067175
-0.050546
-0.030280
0.020902
-0.042778
-0.215023
-0.038374
-0.674117
-0.102881
-0.342372
-0.037736
-0.070359
-0.060729
-0.217111
-0.045760
0.175779
-0.009065
-0.815201
-0.101573
-0.038023
-0.024917
0.079994
-0.029349
-0.440114
-0.070649
-0.007305
-0.023150
-0.756294
-0.083106
0.216255
-0.057590
0.232079
-0.022042
-0.477599
-0.077467
-0.106818
-0.054571
0.319856
0.016724
-0.054842
-0.041142
0.015629
-0.035848
-0.893373
-0.111764
0.097792
-0.020106
-0.233056
-0.029425
-0.356176
-0.044771
-0.401050
-0.078463
0.180486
-0.019831
0.117592
-0.028428
-0.546373
-0.077377
-0.289507
-0.051171
-0.139082
-0.050188
-0.659377
-0.100130
-0.105217
-0.040109
-0.161492
-0.030718
-0.283181
-0.042231
0.388304
0.001170
-1.160553
-0.123122
-0.394281
-0.055949
-0.089121
-0.052066
0.062653
-0.012571
0.125789
-0.016903
-0.326552
-0.067609
0.162239
-0.001639
0.245365
0.003582
-0.415490
-0.069507
-0.042174
-0.010657
-0.360608
-0.050731
0.051455
-0.024335
-0.049785
-0.047017
-0.085581
-0.062871
0.070337
-0.020186
-0.067348
-0.041853
-0.074170
-0.038037
-0.229919
-0.084552
-0.565583
-0.093542
-0.887048
-0.143556
-0.037989
-0.059957
-0.311356
-0.079944
-0.100722
-0.052772
-0.314963
-0.078379
-0.132923
-0.044801
0.037556
-0.033190
-0.318417
-0.075949
0.229675
-0.018137
-0.198897
-0.050924
0.163969
-0.042054
-0.198017
-0.090134
-0.556885
-0.099299
-0.456065
-0.049847
-0.313593
-0.052352
-0.248217
-0.051385
-0.444671
-0.059447
-0.537277
-0.069603
-0.338140
-0.042127
-0.683032
-0.121945
-0.272990
-0.053845
-0.621472
-0.083530
-0.530947
-0.086710
-0.404888
-0.069556
-0.172423
-0.042398
-0.176405
-0.041090
-0.149358
-0.026200
-0.312523
-0.045607
-0.355633
-0.041404
-0.177549
-0.056548
-0.586430
-0.092030
-0.201794
-0.027117
0.062394
-0.003662
-0.231836
-0.033360
-0.235229
-0.029434
-0.178728
-0.042077
-0.154803
-0.028743
-0.073386
-0.019826
-0.086382
-0.011175
-0.315878
-0.029699
0.101808
-0.016820
-0.106136
-0.020005
-0.539557
-0.036396
-0.522822
-0.078038
0.027337
-0.024142
-0.073504
-0.032990
-0.506584
-0.082290
-0.092982
-0.042575
0.141212
-0.000596
-0.076373
-0.031213
-0.143365
-0.035605
-0.440261
-0.066346
0.080643
-0.030225
-0.889292
-0.093819
-0.978593
-0.096675
-0.870688
-0.090221
-0.650054
-0.074285
-0.761155
-0.071685
-0.467733
-0.059200
-0.461531
-0.056556
-0.749878
-0.097040
-0.896129
-0.079323
-0.371407
-0.049738
-0.947484
-0.112170
-0.788265
-0.057308
-0.382267
-0.060104
-0.227857
-0.043896
-1.013468
-0.115548
-1.236332
-0.139571
-0.687787
-0.068745
-0.702397
-0.051122
-0.959099
-0.103250
-0.514095
-0.061997
-0.551740
-0.053373
-0.588891
-0.068127
-0.574831
-0.070232
-0.715328
-0.071607
-0.606077
-0.056173
-0.893800
-0.118689
-0.523053
-0.042320
-1.033110
-0.106004
-0.504277
-0.056432
-0.458429
-0.044226
-0.390199
-0.056589
-0.879332
-0.098582
-1.151733
-0.107421
-0.630485
-0.056872
-0.841974
-0.088942
-0.802048
-0.055269
-0.503405
-0.050783
-0.529449
-0.039716
-0.675116
-0.071103
-0.775783
-0.058929
-0.219348
-0.007937
-0.175236
0.015336
-0.344280
-0.011132
-0.436357
-0.027735
-0.427888
-0.047941
0.083852
0.011196
-0.361934
-0.025486
-0.282176
-0.004938
0.094569
0.006174
-0.508999
-0.039909
-0.200680
0.016031
0.254303
0.043110
-0.489582
-0.031505
0.258690
0.028882
-0.750385
-0.047183
-0.409062
-0.029407
-0.187181
-0.004392
-0.224656
-0.024644
-0.279248
-0.010666
-0.233562
-0.011344
-0.264861
-0.049647
-0.371963
-0.038320
-0.342611
-0.037423
-0.136768
-0.024957
-0.157170
-0.024364
-0.670846
-0.059344
-0.484565
-0.039163
-0.457021
-0.064841
-0.541641
-0.045949
0.135986
0.001058
-0.514871
-0.073190
-0.007702
-0.010656
0.150087
0.020818
-0.651054
-0.079697
-0.243070
-0.019532
-0.185694
-0.050514
0.223260
0.003882
-0.291122
-0.043965
-0.528213
-0.044886
-0.030068
-0.021888
-0.152317
-0.013165
-0.009464
-0.009229
0.271466
-0.002435
-0.234736
-0.023451
0.276465
0.035717
0.067046
0.001292
-0.456569
-0.024944
0.064181
0.003699
-0.341219
-0.029434
0.260069
-0.007890
-0.079426
-0.004255
0.533041
0.054767
0.323194
0.019815
0.091508
0.025718
0.018778
-0.009796
-0.161712
-0.004401
-0.175354
-0.018426
0.046253
0.014512
0.169651
0.001609
0.055410
-0.000405
0.148942
-0.010661
-0.294108
-0.041910
-0.587184
-0.050977
-0.255050
-0.026360
-0.158708
-0.024539
-0.488839
-0.052965
-0.185318
-0.016779
0.473761
0.035634
-0.700785
-0.057062
-0.649661
-0.043205
-0.869689
-0.085124
-0.566932
-0.040011
-0.274603
-0.007252
-0.307731
-0.026301
-0.826670
-0.064102
-0.111176
-0.012386
-0.414040
-0.055897
-0.053002
-0.002989
-0.177214
-0.019237
-0.796047
-0.062799
-0.259624
-0.032407
-0.228273
-0.035045
0.147446
0.011189
-0.179815
-0.011079
-0.061217
-0.011950
-0.427300
-0.034744
-0.383341
-0.030774
-0.587375
-0.050592
-0.106490
0.012453
-0.572221
-0.052644
0.022383
-0.015813
-0.157505
0.008903
-0.294384
-0.035092
0.001220
0.032692
-0.594722
-0.066881
-0.219317
-0.008595
-0.218085
-0.022296
-0.605378
-0.059476
-0.812634
-0.067669
-0.486432
-0.042067
-0.092024
-0.004827
0.365531
0.022783
0.358121
0.039680
-0.109445
-0.005306
0.311476
0.031142
0.318512
0.038956
0.138558
0.020437
-0.694462
-0.070001
0.406452
0.039094
0.102087
-0.013737
-0.610674
-0.052692
-0.038694
0.004404
-0.056944
0.010970
-0.028577
0.043111
-0.456658
-0.038705
0.418510
0.043157
0.306261
0.038782
-0.242371
-0.026685
-0.176762
-0.007762
0.468631
0.054928
-0.307738
-0.022545
-0.170472
-0.036224
-0.396924
-0.038320
-0.337213
-0.017786
0.001679
-0.003763
0.290090
0.034810
-0.295840
0.015219
-0.640668
-0.044060
-0.122160
-0.004715
-0.188796
-0.012224
-0.165242
0.015542
0.222222
0.020744
-0.305492
-0.003626
-0.143282
-0.001216
-0.338122
0.016032
-0.122320
-0.016614
0.099775
0.021010
-0.549104
-0.043919
0.025584
0.005166
-0.298863
-0.039063
-0.002583
-0.014290
-0.314449
-0.051727
-0.283938
-0.022893
-0.214730
-0.032989
-0.087170
-0.009686
-0.261156
-0.017341
-0.371307
-0.024211
-0.431304
-0.046368
-0.096442
-0.009960
-0.105086
-0.016240
-0.505802
-0.054437
-0.324965
-0.038539
-0.028361
-0.001878
-0.367727
-0.061366
-0.845047
-0.083186
-0.250146
-0.060685
0.424541
0.039787
-0.217057
-0.033755
-0.589008
-0.060834
0.194812
0.017812
-0.030805
-0.017274
-0.012546
-0.012871
0.245476
-0.026607
-0.193259
-0.058219
-0.115427
-0.045307
0.247357
0.020469
-0.294776
-0.052293
0.083301
0.017602
-0.180249
-0.036530
-0.120675
-0.020064
0.180100
-0.006785
-0.309047
-0.037712
-0.270333
-0.020340
-0.277384
-0.026763
0.230607
-0.003786
0.290178
0.001278
0.197708
-0.008400
0.068428
-0.011524
0.570721
0.033638
0.061213
-0.017452
0.436348
0.028975
0.259536
-0.007403
0.229841
-0.000650
0.518461
0.011098
0.420687
-0.000946
0.600157
0.016355
0.536239
0.029019
0.569342
0.034741
0.372190
0.020704
0.193507
-0.000717
0.186830
-0.001212
0.606207
0.039377
0.068789
0.000828
0.430903
0.005527
0.285623
-0.001841
0.622329
0.022277
0.101219
0.004560
0.688828
0.050450
0.200536
0.019281
-0.031440
-0.018809
0.373269
0.051005
-0.211051
-0.026342
0.142919
0.004239
0.030683
0.027588
0.217402
-0.001804
0.212100
0.023003
-0.210637
-0.019473
-0.015486
-0.009083
-0.222381
-0.017270
-0.186002
-0.013121
-0.208326
-0.036800
-0.365232
-0.044551
-0.104065
0.002790
-0.028231
-0.010061
-0.148191
0.016129
-0.097585
-0.009562
0.318935
0.027780
-0.581073
-0.072298
0.166233
0.007023
-0.329164
-0.039413
-0.384450
-0.059590
0.264610
0.004943
0.398466
0.042786
-0.148271
-0.021563
-0.476448
-0.052353
0.307377
0.008353
-0.734497
-0.046105
0.431610
0.006118
0.024160
-0.027933
-0.610918
-0.054485
-0.043073
-0.014428
0.169506
0.010973
-0.058532
-0.022166
0.477662
0.038008
0.275128
0.019028
-0.196372
-0.034056
0.134697
-0.015378
-0.016412
-0.010299
-0.066512
-0.032198
0.011858
0.007757
-0.410879
-0.083301
-0.095951
-0.047048
-0.126727
-0.054378
-0.201175
-0.056668
0.397447
0.024953
-0.029063
-0.062380
0.138931
-0.012991
0.473941
-0.008411
-0.767343
-0.100941
-0.467388
-0.086539
-0.107607
-0.035726
-0.269008
-0.081154
-0.362922
-0.065768
-0.200957
-0.067489
0.056255
-0.039677
-0.259425
-0.042534
0.169313
-0.039260
-0.683228
-0.110883
0.154042
-0.028824
-0.077724
-0.058283
-0.269234
-0.055554
0.354872
0.018472
-0.517964
-0.072218
-0.169696
-0.047904
-0.627611
-0.074742
0.186817
-0.027091
-0.170046
-0.042146
-0.442886
-0.061604
-0.243634
-0.040045
-0.295195
-0.073618
0.131688
0.008404
0.007024
-0.046148
-0.355685
-0.098878
-0.344474
-0.088345
0.260984
-0.001399
0.074947
-0.050488
-0.019762
-0.057137
-0.327062
-0.066847
-0.071275
-0.059279
-0.125806
-0.030257
-0.004762
-0.039045
-0.034402
-0.041940
0.594926
0.020518
0.091638
-0.002537
0.067840
0.003141
-0.331400
-0.040389
0.008063
0.010529
-0.308629
-0.052338
0.040597
-0.008132
-0.287161
-0.047289
-0.445399
-0.065074
0.104876
-0.017846
-0.092975
-0.026012
-0.030738
-0.024638
0.199698
-0.002183
0.005731
-0.008091
0.338705
0.010929
0.069014
0.000590
0.038064
-0.019661
-0.417425
-0.080863
0.630392
0.058977
-0.001507
-0.027260
0.190619
-0.001376
0.449730
0.004119
0.277301
0.009310
0.238055
-0.009789
0.099246
0.007584
0.665971
0.030106
0.533262
0.013777
0.056499
0.003788
0.034796
0.010312
0.360208
0.023672
0.682773
0.048484
-0.379371
-0.039934
0.027929
-0.000112
0.200225
0.025795
0.269572
0.010274
0.556746
0.030339
0.523289
0.032882
0.518395
0.032312
-0.059808
-0.027276
0.105385
-0.016730
-0.082844
-0.043311
0.045892
-0.013013
-0.306880
-0.055964
0.134952
0.007363
0.070513
-0.016675
0.239862
0.015685
0.065598
0.010949
0.430066
0.023050
0.028482
-0.009825
0.293259
0.012006
-0.036943
-0.024237
-0.169334
-0.030837
-0.129673
-0.032599
0.340767
0.023698
-0.090724
-0.014524
0.106509
-0.009595
-0.031698
-0.034716
-0.042314
-0.024910
0.128487
0.006357
-0.023603
-0.017809
-0.340178
-0.056438
0.398418
0.020645
0.232910
0.017482
0.322231
0.004098
0.535706
0.052222
-0.148939
-0.002893
-0.276497
-0.026334
0.295541
-0.002746
-0.442915
-0.067883
-0.042048
-0.012002
-0.118397
-0.006640
-0.023985
-0.002923
0.228054
0.019518
0.245655
0.021093
-0.256547
-0.004430
-0.189314
-0.028592
-0.005378
-0.029566
0.487421
0.032611
-0.242246
-0.056065
-0.203311
-0.021797
0.051407
0.009165
0.039083
-0.024270
-0.054634
-0.011052
0.327546
0.021614
-0.355182
-0.044676
0.087775
0.008018
-0.935681
-0.107189
0.025761
0.001326
0.345785
0.014601
0.851470
0.061045
-0.391316
-0.043162
-0.078259
-0.024818
0.159712
-0.002174
-0.070592
-0.013107
-0.216643
-0.036747
-0.046878
-0.003489
-0.721466
-0.065549
-0.377301
-0.039052
-0.235441
-0.038676
0.071524
-0.005978
0.061079
-0.018224
-0.270921
-0.020425
0.206316
0.017476
0.381764
0.043573
0.712733
0.057136
0.201923
0.003997
0.255480
-0.002131
0.467066
0.015818
-0.041252
-0.036131
0.372665
0.035563
-0.184455
-0.014104
-0.060999
-0.027146
-0.054801
-0.017443
0.169496
0.017342
0.326221
0.022732
0.792667
0.050397
0.432906
0.038697
0.568636
0.033851
0.170798
0.023374
0.158544
0.022873
0.027583
0.005830
0.663887
0.051769
0.139823
0.029647
-0.243860
-0.010015
0.322101
0.020634
0.325030
0.049483
-0.095691
-0.017814
-0.104688
-0.001906
0.354762
0.059860
0.114935
0.009932
0.554173
0.036029
0.364603
0.032605
-0.508064
-0.069930
0.235406
0.009423
-0.104260
-0.011495
0.373489
0.026979
-0.099550
-0.013402
0.183583
0.007203
-0.147682
0.013346
-0.547818
-0.033744
-0.638916
-0.040593
0.351728
0.029072
0.181027
0.050153
-0.071255
0.009790
-0.105111
0.014948
-0.189217
-0.014266
-0.233507
-0.021654
0.005495
0.001864
-0.329561
-0.004692
0.169486
0.029745
0.122271
0.030289
-0.041996
0.005819
-0.249167
0.000434
0.161897
0.021550
-0.372314
-0.030280
-0.180321
0.014907
-0.584242
-0.041133
0.252766
0.041115
-0.498222
-0.018970
0.339129
0.045810
0.388595
0.035912
-0.098409
0.008905
0.058584
0.011431
0.308672
0.030799
0.037027
0.000504
0.102411
0.012043
0.059194
-0.001858
-0.265109
-0.014286
-0.175700
0.004509
-0.227333
0.009755
-0.231666
-0.019477
-0.250562
-0.022984
-0.193597
-0.010168
-0.086358
-0.007352
0.009010
0.035785
0.048142
0.000222
0.292170
0.054414
0.700492
0.074871
0.706647
0.081440
-0.054365
0.005442
0.292993
0.078368
0.163201
0.044911
0.601592
0.080105
0.381659
0.064137
0.562824
0.074858
0.197416
0.045585
0.340091
0.068543
0.195616
0.031326
0.482881
0.092374
0.226249
0.055242
-0.090331
0.029191
0.004663
0.026110
0.363901
0.078150
0.368802
0.073034
0.138265
0.040946
1.058437
0.135642
-0.164218
0.002413
0.048291
0.046478
-0.272123
0.004889
-0.595431
-0.037112
0.377503
0.045883
-0.121984
0.016310
-0.543793
-0.024994
-0.524864
-0.016677
-0.322929
-0.010009
-0.186530
0.001765
-0.080836
0.013143
0.047794
0.017820
0.134652
0.027166
0.265088
0.045309
-0.335377
-0.013317
-0.410380
-0.021963
-0.005600
0.025551
-0.186307
0.001558
-0.850658
-0.072043
-0.497631
-0.032543
0.097020
0.040058
0.390224
0.041429
-0.314916
-0.013480
-0.709099
-0.046585
-0.365629
-0.010640
-0.050489
0.025758
-0.410580
-0.000134
0.211406
0.053759
-0.180634
0.021277
-0.019812
0.000002
-0.531839
-0.033976
-0.037406
0.014463
0.046962
0.015087
0.758493
0.096654
-0.041525
0.015921
-0.430417
-0.000659
0.253025
0.036184
-0.673715
-0.015437
-0.257520
-0.016342
-0.276515
-0.002563
-0.662196
-0.039282
-0.114453
0.000862
-0.131028
0.012130
-0.461069
-0.015040
0.693039
0.057019
0.130417
0.001637
0.435892
0.050802
0.098015
-0.001518
-0.193684
-0.019608
-0.076280
-0.007306
0.285783
0.015247
0.399976
0.040559
0.001757
-0.021177
0.095301
0.019501
0.267161
0.036964
0.104543
0.028497
-0.467921
-0.033397
0.500283
0.051393
-0.026897
0.022660
-0.595641
-0.044974
-0.022769
-0.003955
-0.404869
-0.006991
0.449078
0.024370
-0.300584
-0.025555
-0.010173
-0.010492
0.025896
-0.022706
0.132301
0.001577
0.277133
0.017011
-0.410373
-0.048644
0.019589
0.006990
0.227316
0.009634
-0.202947
-0.024393
0.038718
-0.006912
-0.079615
-0.051438
-0.060620
0.006420
0.424511
0.038302
0.265696
0.015082
0.640460
0.048188
0.076494
-0.004668
0.524633
0.020160
0.057558
-0.016124
-0.147030
-0.009071
0.537282
0.051398
0.123493
0.006711
0.228794
0.036290
0.693991
0.061024
0.075643
-0.014482
0.189667
0.008356
0.070910
-0.002415
0.148821
0.014319
0.631152
0.032575
0.277167
0.015889
0.184470
0.014994
0.193878
-0.018413
0.229582
0.007435
0.356601
0.019748
0.492917
0.035880
0.064977
-0.013067
0.304583
0.013473
0.265355
0.009909
0.048253
-0.029347
0.102869
0.020939
0.362720
0.009136
0.251407
-0.004603
0.143798
-0.007502
0.131934
-0.007413
-0.302550
-0.036919
0.305248
0.021666
-0.195465
-0.039229
0.063370
-0.015907
0.230007
-0.009438
0.366665
0.007669
-0.269346
-0.056725
0.029306
-0.032172
0.115381
-0.006917
-0.037816
-0.016992
-0.001446
-0.041735
-0.233656
-0.042883
0.164581
0.000124
-0.349641
-0.063966
0.393164
0.003062
0.259537
0.003349
-0.016835
-0.013486
0.157425
0.009566
-0.676488
-0.064609
-0.360042
-0.052127
-0.392613
-0.041956
-0.030529
-0.003684
-0.471579
-0.028602
-0.087412
-0.028428
-0.018871
-0.010917
-0.130991
-0.045698
-0.214197
-0.035476
-0.342870
-0.031507
0.016718
-0.022589
-0.069647
-0.001982
-0.380719
-0.032402
-0.186143
-0.021717
0.086385
0.023119
-0.258119
-0.044798
-0.023573
-0.000631
-0.041690
-0.035029
-0.236246
-0.047156
-0.308818
-0.040942
-0.224052
-0.020952
0.483896
0.010219
-0.302170
-0.036898
0.192710
-0.005918
0.345798
0.029976
-0.218285
-0.037507
0.243836
0.018303
-0.358305
-0.038654
0.167691
0.020106
-0.213067
-0.045797
0.190349
-0.005436
-0.409986
-0.065568
0.157013
0.004133
0.007140
-0.005372
0.271394
0.031871
0.286932
0.009368
0.302857
0.021336
0.202164
0.001647
