0.0187065337057817
0.0193615628994159
0.0408267281920569
0.0671748452193794
0.0506232727402676
-0.0100935291154194
0.0279688985699948
0.0441944858575001
0.0708062196741297
-0.0693525846352641
-0.0952023552100281
-0.167791969704531
-0.1974453691209
-0.287148912577239
-0.277303987617779
-0.163523040189983
-0.0566632913135656
-1.49581084163623
-1.23225424269458
-1.36458466167077
-1.52238111779039
-1.46931420508338
-1.50201834712201
-1.27825105311944
-1.55391453399961
-0.642227459014941
-0.594113546943336
0.130062353779195
-0.310691088111777
-0.305255122476192
-0.39570493387399
-1.09050107116913
-0.72063805936289
0.64107910221124
0.220969988590663
-0.609771279370293
-0.823218769218857
-0.399928910116711
-0.613348041161578
-0.345424112331426
-0.525507978037485
-0.505060113190591
-0.0564197900750556
0.0316340704280651
-0.0444708086269818
0.0470316799827173
0.119645483718987
0.051680065081102
0.0389252246393368
-0.0304723701694183
0.0196342868485688
0.0361595563181201
0.0238298750613648
0.0305454218920165
-0.0265131014992437
-0.0388652295109235
-0.0653340721962632
-0.0618927456969511
-0.0661962791786257
-0.0505758152238833
-0.0305788216384721
-0.037434011450046
-0.0361048723166086
-0.0303641503403753
-0.0252034817154634
-0.0363137988962596
-0.0305894383637768
-0.0357897028782714
-0.0333891938288728
-0.0276515870174421
0.671559357735651
0.681359689612235
0.701697372606041
0.731972067494307
0.773905561053832
0.839518588021833
0.897688550633016
0.983219526194954
1.0625175407357
1.15023265715185
1.04294335835802
-1.60540859626867
-2.14175456309421
-1.9634733523216
-2.20349965536898
-2.2567741350933
-1.8375557167298
-1.61198485062921
-1.56425986281965
-1.3353777679919
-1.15981756510848
-1.17229721977117
-1.24486448010759
-0.771017227701079
-0.80174783847605
-0.768227742251423
-0.745728604400656
-0.740172045757381
-0.588858381766013
-0.664337431479991
-0.593943939385441
-0.503276877493464
-0.394552047679597
-0.279873756031386
0.434197225420721
0.592157897687435
1.09676276602181
1.28777756062453
1.16889375791322
0.965410680235521
0.569199382876162
0.364155999906788
0.219762638637829
0.250723006351666
0.16718990416637
0.064784684953525
-0.0550022290952104
-0.0389593624089617
-0.00324978030972511
-0.0636146194008074
-0.0178972108602808
0.0103580025944208
0.0084234000634984
0.00711598638199362
0.00630258426582175
0.0107797467246771
0.0143555163716318
0.00748624848180279
-0.00249939685365774
-0.0113274226051212
-0.0261333795899694
-0.0349762696359095
-0.0359030317197644
-0.0359090925214551
-0.0434698455664813
-0.0464050755070566
-0.0491643729881805
-0.0588142571635442
-0.0613137450881447
-0.0550498183596628
-0.751605486282441
-0.745426530290147
-0.723006019580392
-0.712669144538895
-0.683224844518044
-0.642214659360225
-0.610498849278734
-0.543247783418507
-0.501148227941709
-0.443456521617358
-3.22327382795187
-4.04169401748888
-3.93982872559507
-4.03522788027661
-3.77693179750229
-3.64967146016963
-3.49545561938676
-3.52770774818966
-3.41549540058162
-3.18978641265506
-3.01261437958582
-2.79232348190321
-2.34386909588571
-2.15446520982156
-1.80260555683111
-1.62242303721202
-1.44568566476426
-1.22704375379608
-0.822849888268699
-0.646321280014567
-0.293611023556716
-0.113470934831483
0.0504791703261569
0.0143726857952666
-0.19540438104429
-0.266771651033005
-0.230494524808943
-0.106304983933172
-0.0848116798867942
0.429906557455603
0.750710497648648
0.532934362731632
0.37633912794448
0.182545650744764
0.144951002368983
0.0504122286959565
0.068586302067442
-0.0231593794880336
-0.0240049006829719
-0.04853717586747
-0.031305903496138
0.000356782867084071
0.00442282334982425
0.0236036439332641
0.00986727494160267
-0.00874199287087229
-0.0021706504206862
-0.000817131650751257
-0.0148016288315986
-0.0144131255319637
-0.0213243640242409
-0.0265912511247559
-0.0248446712572918
-0.0199209208012898
-0.0312509856398666
-0.0399903187066775
-0.0340235452906525
-0.0367479947570359
-0.0258185610776123
-0.0280091385086132
-0.468009615862637
-0.461404443592744
-0.43366380742557
-0.411919057761307
-0.411393789825803
-0.368637636089537
-0.35100880868861
-0.275573051565849
-0.157283762268349
-0.0891164536818847
-0.0270838201903567
0.0653085566583904
0.136826473989996
0.207608853104038
-1.53292836333459
-3.0246466606635
-3.08958208433666
-2.72706125826403
-3.37310834963502
-3.25074230507388
-2.80469844007602
-2.38986226347236
-1.53183850448075
-1.06422568028494
-0.837581173589035
-0.797193956952939
-0.609053514580509
-0.270989235465313
-0.708075333009888
-0.900875455994664
-0.923086176294126
-0.825116868863949
-0.756502686870249
-0.632840367777279
-0.108702529762734
-0.29346700595256
-0.168706984797194
0.344549996632069
0.276937459170062
0.484273040216799
0.534170660490183
0.412473609501607
0.319105837291475
0.217159695347219
0.0661329939831745
-0.0571483889557665
-0.109590597813211
-0.0963084787723343
-0.0841254288510496
-0.0752827855163289
-0.0680444146886079
-0.0634495259248471
-0.0465299466404447
-0.0579258097811124
-0.0635697863254356
-0.0234851155532572
-0.0323669982987642
-0.0193915262622144
-0.0201749042198576
-0.0316282711911402
-0.0456977632280484
-0.0496541574055196
-0.0530523844865392
-0.0501831894853257
-0.0412039089915588
-0.0384327012166077
-0.0530579472477313
-0.0452332712885486
-0.048558036569881
-0.05800481052239
-0.0611790793171421
-3.28043206238535
-3.28658489864545
-3.30905281707939
-3.31641886470185
-3.32162360714538
-3.66913308909591
-3.77246492963807
-3.80939486621084
-3.7987537028861
-3.7785472978956
-3.29313910038559
-3.25823315456269
-3.08011465460506
-3.18903574042969
-3.52536905454578
-3.49907572434819
-3.32015000775495
-3.09699035092828
-2.63800544758343
-2.48657815175533
-2.39682035585129
-2.1787372139649
-2.09395397906242
-1.8142319781734
-1.55887365703722
-1.23024704725707
-1.13239415697042
-1.01868920936928
-0.867835149880464
-0.681767924940612
-0.417202434072206
-0.365869299152207
-0.463759695668194
-0.258463795509873
-0.246674635156047
-0.290666056174784
-0.282749021179753
-0.0661670129211847
-0.0608970056846139
-0.052925598300726
0.541985593880417
0.4024121955052
0.168174210337156
0.05393050536955
-0.042516145960358
-0.0838793662451049
-0.0924211340213819
-0.0789313689902924
-0.106500375223537
-0.089489883145951
-0.0856702697649809
-0.104974642867732
-0.0576007471631748
-0.0428728321103184
-0.0541541341097327
-0.0498640502724021
-0.0531542075823062
-0.0532195536625477
-0.0607063796834599
-0.0769215813437114
-0.0839699780355634
-0.0859373475961416
-0.0670210436671232
-0.0556919919051446
-0.0608292616512558
-0.051849635570937
-0.0583317631356413
-0.0559939699423637
-0.0537397990466302
-0.0497410409193
-3.5070736184821
-3.51842676225847
-3.538624680943
-3.55544140757784
-3.53963127929879
-3.52217972530983
-3.50677619266296
-3.44001860110798
-3.44090182559091
-3.42605672066882
-3.25239146088921
-3.53478765129835
-2.58817731728301
-2.69065196857171
-2.19305236165519
-2.02346699688657
-1.62130733353373
-1.9803336976915
-2.43090186704787
-2.73591160116981
-2.11404716507809
-2.03545822078589
-1.98884747849783
-1.83064766641393
-1.62218608304034
-1.42173648849703
-1.38192739246779
-1.31603539787395
-1.23636446397174
-1.15516012900944
-1.08047639006251
-0.995361919934469
-0.92110841428292
-0.873992780419015
-0.814018578420103
-0.792597348340734
-0.750629687980009
-0.586796275057289
-0.475136339436693
-0.332944827371447
0.00668247793673471
-0.312403814322119
0.0141796826344458
0.0879868081662294
0.0752595034157029
-0.0197912106768801
-0.0922369013595765
-0.161792172750832
-0.137567996052614
-0.101182134569184
-0.114459287820437
-0.102875924221447
-0.0975226745565134
-0.0990977941414233
-0.0895954754078048
-0.0768117323947481
-0.0728378560239147
-0.0713919146486695
-0.0676391397049287
-0.0626927531333288
-0.0584886118678059
-0.0606854797182486
-0.0583960866267912
-0.0598165539673357
-0.0563030230723549
-0.0416334202087767
-0.0527480538696623
-0.0455671578694519
-0.0488662249894811
-0.0431602322407636
-2.94275509832269
-2.95048592906331
-2.96434070048601
-2.97460528808077
-2.96137635748107
-2.93565718568842
-2.92546528712058
-2.88323507739262
-2.8678594681361
-2.85275524593967
-2.82779937310881
-2.7932842669576
-2.51707419366636
-3.48776993788302
-3.41663402860629
-3.31792691236429
-3.26391591211804
-3.11713012181149
-2.77267400361456
-2.31017276321402
-1.53875661532564
-2.00501976209819
-1.75433250440857
-1.62020150772555
-1.52392534985813
-1.50937924040163
-1.40623423876614
-1.32316082301785
-1.22122646782906
-1.12941608017722
-1.04924191284055
-0.972689561119233
-0.909519519034418
-0.866160534909888
-0.809675854387022
-0.791040939819278
-0.738900775289511
-0.596384292746313
-0.498673391405485
-0.327123243952262
-0.0453608118931137
0.336260471222877
0.260638126132612
0.0908051390625717
-0.045655947609534
-0.0792432116044162
-0.100219015694619
-0.109977986446848
-0.0439935324353486
-0.0468042408429885
-0.0990708034974688
-0.0946003424690987
-0.107542820913874
-0.104693827701309
-0.115291419908615
-0.095731007333832
-0.0661971288009777
-0.0707304164607794
-0.0640342894271155
-0.0449654447944643
-0.0357381261708998
-0.0400979039670935
-0.0456640159327599
-0.0550668371599112
-0.0597579790206813
-0.0627402287833854
-0.0653529480565829
-0.0556849787060729
-0.0616348222134171
-0.0665388432671905
-2.97973236446237
-2.98447231887847
-3.00637256406036
-2.97667553749817
-2.96430140956692
-2.92368773784558
-2.90370276075892
-2.89021214724689
-2.8848743049337
-2.89888286010105
-2.82586283650057
-2.65584335709522
-2.68119957195515
-2.79988987126228
-2.86721868124098
-2.95364846915355
-2.83836075568245
-2.72687842436819
-2.07949365588817
-1.80135399488114
-1.53709805844223
-1.49467936310199
-1.17638001661513
-1.08731266292091
-0.559987457011875
-0.56293777803356
-0.530921824608525
-0.531434131325316
-0.190566503391008
-0.271903139150847
-0.374410036334982
-0.408396640882682
-0.317432108079985
-0.315859715474848
-0.27370301517021
-0.268459657634311
-0.223440220641562
0.0301144428249311
0.0945171546059722
0.505591064430424
0.273623927458796
-0.169445919988944
-0.221582538397488
-0.182981977824999
0.000856123335609027
-0.0485204996922328
-0.0808426612730386
-0.0935214185571409
-0.0567177848224651
-0.0570800412220938
-0.0747975437182009
-0.0837565458828395
-0.0914587943122189
-0.0975960688033402
-0.0694522381681786
-0.0704616991698108
-0.0547173707826722
-0.040593184076219
-0.0484372211592889
-0.0548772208515325
-0.0602565166433089
-0.0593933527461146
-0.0545984603354244
-0.0605549384065691
-0.0549267237201687
-0.0564117734928322
-0.0516829224250657
-0.0532273020179508
-0.0504890803440772
-0.060534083956455
-0.0629572877883928
-2.87643001466464
-2.8681815504088
-2.86772209679748
-2.85825047917835
-2.82870082006787
-2.78722664265985
-2.75649594478887
-2.67867853930824
-2.6517475864227
-2.51617378802338
-2.34746805846378
-1.5585639494985
-1.50278260067927
-1.69965634621199
-1.9040108639172
-1.88782576970281
-1.79129506990994
-1.59317653331188
-1.6652349322958
-1.58450259977996
-1.37133252492711
-1.09773442833881
-0.854194961875846
-0.622916194241836
-0.608098827001013
-0.388340791225937
-0.212838684472452
-0.013692510913224
0.0717741526043953
-0.213187675131485
0.0527271133447247
0.0280479967492679
-0.0373459885680054
0.128167848446147
0.386734031206771
0.356351571348014
-0.238292509435587
-0.0859737863070564
0.0376453809050941
0.00566476741854638
0.155584596576844
0.175144908629972
-0.249123651489485
-0.215343059189539
-0.155703301780097
-0.0428747633469735
-0.0637514271217414
-0.0667617731050143
-0.0180148401675053
-0.0196653847220807
-0.0469231147960185
-0.0631074209282896
-0.0529417205450851
-0.0659009424324548
-0.0548194334123404
-0.0424950164820617
-0.0504827140836563
-0.0577270700484322
-0.0505989155829294
-0.0522187979635662
-0.0496167100368847
-0.0458362384610056
-0.0490799578907506
-0.0513712826991002
-0.0398602462485909
-0.0424121361264667
-0.0422041314397288
-0.043241513057461
-0.0455214062772942
-0.0397038954178552
-3.39379379234444
-3.38713098575975
-3.37330091255367
-3.34783300182118
-3.31923606321976
-3.27995290740771
-3.23957894925254
-3.16377840877503
-3.10544149974721
-3.04542002354466
-2.98526998320832
-2.92852555629863
-2.89306552252694
-2.80129427073252
-2.77487391424324
-2.71951691188252
-2.69508116396684
-2.51719095578695
-2.38139327347432
-2.17667782147211
-2.05794290288227
-1.86032430745388
-1.67454614488449
-1.33832700748919
-1.15225266953387
-0.98961186145556
-0.8303648498122
-0.678917064479329
-0.603869192653068
-0.530811222030228
-0.400537683239694
-0.305466633017645
-0.23670268195904
-0.160976506805885
-0.0875632138096667
-0.0538434052025227
-0.0724304142371732
0.0544053813247607
0.0880019203840741
-0.0273456788754602
0.0936978774007513
0.199497583844381
-0.0144943005558678
-0.143941337190376
-0.194114475562142
-0.180994654104144
-0.209669087637069
-0.103750183226629
-0.0690333424511289
-0.0538718605811366
-0.0526296079159545
-0.0663689768292346
-0.0709659574944381
-0.0598206957400458
-0.0385924613699058
-0.0267323959613437
-0.014137637365756
-0.00340825352026863
0.00848015736211494
0.0117758067745704
0.00154980131958116
0.00559532541643648
-0.0427201582124015
-0.0439353112577012
-0.0419963984762477
-0.039917490197968
-0.0410926324563046
-0.0305336873692859
-0.0224403377447382
-0.033483153099507
-2.3819337281388
-2.36933005351639
-2.31727314786131
-2.68053408309212
-3.41542211302137
-3.82750736299038
-3.96420548818266
-4.00295732130148
-3.93461035006045
-4.38956416129306
-4.34605421748381
-4.44121218380727
-4.21322336007123
-3.9776093340866
-3.61562811369422
-3.40723687897427
-3.09446005215357
-2.84175327014563
-2.64097772533894
-2.46636846884912
-2.28087863710982
-2.10010499457121
-1.80667896895949
-1.56112385600077
-1.40609333823339
-0.948157132975445
-1.0332044817274
-0.746432340247324
-0.617285612290181
-0.43754302787553
-0.343656016577896
-0.291243137669402
-0.223435072579379
-0.200658434487029
0.0149390735923629
-0.0399821415906159
-0.110926964912314
0.101689594493144
0.239731088709854
0.333246517363664
0.375898700454663
-0.0151789419874784
-0.147464229621122
-0.159247003195495
-0.0866302788095403
-0.192706814122804
-0.233492526425419
-0.154561891916772
-0.141859893748147
-0.10303332742134
-0.0791739893294126
-0.07010195747073
-0.0647237234599696
-0.0754863692584054
-0.0838135412772565
-0.0650305016807797
-0.0646535993902848
-0.047095402824382
-0.0408114057234079
-0.0333529862517428
-0.0306454355836761
-0.0296689066843667
-0.0319247538550704
-0.0348645879819447
-0.0417688056575005
-0.0465095196507495
-0.0556634555934585
-0.0569368305317988
-0.0594897042209388
-0.0488759077085781
-1.85136718493689
-1.84670780256462
-1.85363208589138
-1.86349995054716
-1.85672686677361
-1.88113403348008
-2.03821091999842
-2.19991872074827
-2.93764096180445
-3.49632058961612
-3.39602901490859
-3.21500068208501
-3.0313175427107
-2.86292414072278
-2.6697560670241
-2.50904528129741
-2.37028327551942
-2.21292731884051
-2.03356614107197
-1.85537636190325
-1.76045428452263
-1.5587060288892
-1.3449915421701
-1.19239927775435
-1.04191793323934
-0.929386582832727
-0.776224673675245
-0.672679220764747
-0.588451050159231
-0.585625219554098
-0.486716177086311
-0.455623132230246
-0.363382441123433
-0.247339485542437
-0.235756812648812
-0.228510986613226
-0.00304214518983592
-0.16037500408944
-0.0714334116621855
0.291524451314177
-0.0506091968502682
-0.154096365994856
-0.230476630739257
-0.148494598593754
-0.281646947453244
-0.304438094496344
-0.306217149463702
-0.257009799532744
-0.182003683415311
-0.183820579460169
-0.171847140422585
-0.141310154990666
-0.120409234081002
-0.129259032786726
-0.124515592459153
-0.122826048092461
-0.110874543348443
-0.0957685867768281
-0.0873699112474005
-0.0803323192187917
-0.0832234423074607
-0.0843937335345046
-0.0815913529746379
-0.0727919510490862
-0.0788319621947129
-0.0802546243372664
-0.075298123781443
-0.0750349190280337
-0.0666019568009375
-0.0572439393921833
-3.01974363045366
-3.00976649898279
-2.98219294136671
-2.94308721771878
-2.918216625906
-2.88269240074444
-2.84399405042914
-2.82013674372071
-2.92376446428189
-3.17411512030799
-4.04020678811989
-4.28008741408388
-4.07315811811537
-3.87074025268807
-3.63191281334222
-3.35782709397586
-3.06035399157241
-2.85009231433323
-2.76531219553727
-2.52290304102682
-2.25852250183706
-1.97410259988133
-1.67298627951376
-1.29788051605957
-1.10282146969667
-0.985605571578557
-0.814866803144151
-0.715317755971381
-0.608451097269028
-0.601823278732388
-0.487685851899345
-0.441534190113728
-0.424279765322896
-0.446663791809202
-0.374476618784783
-0.359655248778416
-0.311453367348041
-0.330441280261523
-0.362094961533273
-0.414044081168151
-0.402711147660312
-0.378365416282597
-0.35779962104622
-0.358888213431094
-0.345395172842018
-0.359927407050793
-0.28998099499873
-0.354295030745585
-0.342021894004672
-0.322701027078929
-0.32419275688271
-0.327368623562602
-0.306632309210117
-0.246352710493273
-0.193161195597786
-0.220291269351545
-0.20917280536783
-0.173149453418212
-0.196589036256753
-0.162641664048549
-0.203368046984751
-0.177644420118979
-0.151607044214001
-0.101893412122592
-0.119616842380548
-0.120791995393822
-0.0679211171917009
-0.0732015216772779
-0.0732437310841916
-0.0679182808824543
-0.0746211473423921
-0.0783943162012619
-2.73588376282979
-2.72975009757154
-2.70905892804465
-2.68002731464271
-2.66737793139101
-2.63405237520675
-2.6039804344698
-2.59966912797311
-2.60712947197845
-3.3713652099816
-3.60790727512153
-4.17779427182601
-3.92562090699994
-3.62431784602441
-3.43513168933285
-3.16238055026795
-2.811513540755
-2.66739480828796
-2.46030615445495
-2.28856745351921
-2.15421292390985
-1.87382067727024
-1.59465119402102
-1.30997414397305
-1.11286940797983
-0.93527429515835
-0.813280815146795
-0.68138190628601
-0.571355863276711
-0.51084447901103
-0.440254944252579
-0.46020495150143
-0.502904648000178
-0.462889328028997
-0.366552616798538
-0.464427821158566
-0.462306394469451
-0.479110375271114
-0.469106218882534
-0.452938330753776
-0.394136153236316
-0.372702818507232
-0.388632426545948
-0.38536011646604
-0.339345168944623
-0.386907285242566
-0.379930351610283
-0.375712312239669
-0.328521386774963
-0.311901501776922
-0.291763467874388
-0.266247233006882
-0.255373651673395
-0.23463698946471
-0.236566529303689
-0.222783031980857
-0.211761654052234
-0.182655018896342
-0.145272832012667
-0.163829466975805
-0.168010170388548
-0.189391723230949
-0.155254895979824
-0.105472355224779
-0.0888345290929733
-0.0899889060980716
-0.0667720572370123
-0.063256219545015
-0.0879454603245455
-0.101862146864073
-0.107777533506844
-0.104764389309957
-2.57597643363793
-2.57435694544625
-2.56003183001338
-2.53909940682863
-2.53452196784233
-2.51852705638342
-2.4991622310465
-2.51807690968275
-2.51842902602804
-2.59367336507488
-2.82317548340099
-3.29381705492618
-3.3409544619133
-3.28403504608456
-3.05336760265574
-2.66002783072346
-2.33399413726582
-2.20300628936452
-2.0515832958803
-1.86758977274691
-1.7493356723796
-1.5752000965078
-1.37832291859272
-1.23485445179163
-1.08486250272039
-0.877428413495402
-0.742896437389018
-0.541295335900254
-0.480658600839885
-0.446445470159306
-0.424973328786508
-0.420914382694967
-0.41737148137004
-0.388880669022446
-0.436364454006563
-0.398288019056507
-0.448431744065537
-0.388422543005987
-0.456240596600778
-0.45542501338462
-0.434502900013423
-0.427659814357169
-0.401751904961513
-0.382087967788869
-0.367058157160395
-0.33935814923258
-0.332427900443771
-0.333789168395688
-0.293201456507666
-0.297965528994965
-0.29987661742418
-0.29353437567818
-0.267384452565133
-0.244443535904121
-0.222615074599285
-0.19394013238287
-0.1808161953301
-0.180540267619303
-0.196556888035602
-0.237497288803141
-0.233710166736532
-0.199196671553798
-0.160464069529888
-0.124195445146015
-0.103258139249724
-0.101308153397434
-0.0871190856912376
-0.0769489967904438
-0.0637365289956766
-0.0585277197579179
-0.062846953071517
-0.0539336707713141
-3.15327012328654
-3.14029967456206
-3.12092352921495
-3.10783348876201
-3.10342638700205
-2.96710795714951
-2.96576800960345
-2.96078156637323
-2.90051353358248
-2.8684547290702
-2.97232493176361
-3.22261610653465
-3.26800397245936
-3.13885200025446
-2.94187585239762
-2.79424916640025
-2.65029652000033
-2.4799258692067
-2.31626668054239
-2.18045015472054
-2.05113115919977
-1.8237177081445
-1.5347324168332
-1.23208346314993
-1.1044243803368
-0.924314817473038
-0.761037703993217
-0.622761035113788
-0.52842502207765
-0.485355920561538
-0.433962623963513
-0.403769625511099
-0.36824229962291
-0.33175937594178
-0.297755068356047
-0.307778506436654
-0.297570363113345
-0.297344196251975
-0.298352639918845
-0.302474605745062
-0.34900163119259
-0.390432420405934
-0.382250612886932
-0.394266053591969
-0.368244920260631
-0.339220756022896
-0.318186839921824
-0.288614043583289
-0.273348911362604
-0.248834704414445
-0.250699070675287
-0.267964771064238
-0.234451629969617
-0.199455077060241
-0.246193758004476
-0.224899183996111
-0.224265106152993
-0.189406180577559
-0.197548118577397
-0.180707994854806
-0.174613023784381
-0.182655080139354
-0.142914348441314
-0.124925493309182
-0.143032781073971
-0.0969022699789588
-0.0787735200792836
-0.0611865236612834
-0.0616219012573049
-0.0709891420096125
-0.0767653542404123
-0.0659903774885986
-3.34579948505792
-3.3509293410265
-3.34968955043927
-3.33665372844672
-3.35264990082139
-3.36204422419483
-3.35479229278701
-3.34898205894494
-3.3161295752342
-3.32048554416394
-3.22210571717918
-3.20362650461774
-3.2778359285471
-3.04613435168213
-2.88355803561999
-2.75404550118573
-2.64617612767647
-2.54494496238291
-2.43427939023696
-2.27408815256936
-2.16235511632619
-1.98820328522641
-1.68740892015012
-1.26729118006015
-1.02392668926549
-0.852596579173176
-0.739887529537055
-0.609999640701909
-0.549623958476068
-0.454023568605125
-0.351265175321243
-0.415175646578336
-0.356764104539042
-0.345848325923459
-0.328168117184508
-0.337782994546826
-0.338379906645208
-0.345295214109927
-0.33708797253818
-0.316400083281693
-0.332341113911107
-0.333860847396785
-0.32195966191437
-0.312958265844423
-0.299384085550195
-0.309824846960034
-0.316713343687643
-0.303083323857339
-0.273007293558893
-0.248731237996545
-0.235686184637822
-0.19901198978418
-0.162745563682283
-0.179035237347426
-0.186707651756691
-0.207606510520954
-0.190131983378854
-0.175079972438781
-0.172057782666363
-0.18302380858521
-0.168938281321093
-0.154915531456738
-0.141403460839897
-0.109671472963956
-0.11071517697148
-0.134924243989214
-0.0922226570008826
-0.0589997714611856
-0.058438990810882
-0.0558596951873791
-0.051342605158442
-0.0466507248774104
-2.64858210307766
-2.67424698993578
-2.66556473468088
-2.75786236624136
-2.75154379354417
-2.73513587878579
-2.68864576107012
-2.64454421925688
-2.63211325298151
-2.50927980899001
-2.17172850448314
-1.89130666018869
-2.41552696591372
-3.01814664709427
-3.34486587176581
-3.29153930531762
-3.18846618237722
-3.12547954165418
-2.99514506145395
-2.81397268100216
-2.64561152950335
-2.40107654803901
-2.16201245150982
-1.91095220349857
-1.68103913267065
-1.25479409466931
-1.06476557400356
-1.09809002500242
-0.824944154419603
-0.573615164160479
-0.453446612436106
-0.370947011504001
-0.373761380404356
-0.354170048529352
-0.382051524795247
-0.403855583947903
-0.327073627249239
-0.240587586025489
-0.29826745618304
-0.294014155184227
-0.269009486658408
-0.303888581377345
-0.316132161532876
-0.30518570430656
-0.293509356355177
-0.289549431908805
-0.276144704533941
-0.273646576758508
-0.260263015767564
-0.244208428461169
-0.265532899792563
-0.265419550595892
-0.241874494035594
-0.241372035138943
-0.245934637466334
-0.248036830282127
-0.241844848592242
-0.233969290860623
-0.235293005514392
-0.244855792397512
-0.18084606612544
-0.168781933640577
-0.157557635943566
-0.13997261794896
-0.123778914518578
-0.0853853056312843
-0.05642499608315
-0.0482129356074061
-0.0482326250660905
-0.0392418590518342
-0.0334075725762537
-0.0434950704677797
-3.2229315537001
-3.24132300116563
-3.22309749958194
-3.22324219208132
-2.95650278012884
-2.72198278795636
-2.53067785564594
-2.44677183656304
-2.13677556661414
-1.75064298669325
-1.50017388592131
-1.46097375534135
-1.34079638543735
-2.8347957996801
-3.13408381443471
-2.953998242609
-2.84706182659045
-2.86379902864222
-2.83111004637132
-2.78141186859807
-2.76780583732504
-2.56081409910312
-2.1964309177544
-1.87112001518651
-1.59940551360087
-1.40730181178506
-1.14640247682778
-1.0754771717526
-0.931742482694224
-0.624080550783271
-0.471766853598966
-0.493039937746225
-0.425812424419803
-0.350697578680894
-0.381588409136388
-0.392707776834865
-0.351244688501026
-0.280745600373638
-0.189558704917596
-0.171761678211535
-0.234610279571943
-0.260806676224204
-0.172845756326476
-0.199551001387103
-0.214136196920144
-0.247365062085145
-0.212911720870361
-0.162897351623738
-0.226816485704776
-0.256738282155741
-0.246287768922148
-0.249060918307332
-0.209682107035849
-0.209463484924975
-0.205403457611472
-0.193570345242967
-0.172110824812098
-0.132513845553694
-0.124334100042298
-0.134545377605276
-0.105341297784669
-0.0682750134039085
-0.075336740411823
-0.0608071080801991
-0.0726669068524859
-0.0477610084945512
0.00895945477529247
0.00249813791399367
0.0152108510695532
-0.00766257696516304
-0.00993660261213414
-0.0130677777953145
0.993197921231344
0.990425532291182
0.99295283902276
0.98220515846012
0.935505730453924
0.536235354199503
0.41684405653972
0.194026287854891
0.158272856540136
0.112941225127036
0.0964697637491962
0.0683171653648191
-0.325440359156053
-0.330096738797551
-0.962698102557876
-0.924328181313999
-1.69552187417391
-1.71740832365784
-2.10594545891536
-1.24165759578659
-1.91482203564707
-1.09502852021962
-0.760759274503421
-1.07451190928911
-0.822962374314822
-0.31455284071191
-0.572610098412834
-0.349370614025737
-0.35214071805356
-0.643542163909624
-0.701175362403371
-0.604292159232162
-0.518225015783141
-0.453686154734504
-0.410920588909634
-0.396126168127053
-0.352788488259127
-0.272862568253764
-0.310845692493911
-0.186632599741274
-0.222849127557042
-0.155944201824125
-0.15997602887298
-0.134782560505244
-0.130847523448182
-0.175768260039962
-0.201803317899147
-0.184093863438079
-0.140283682142057
-0.0646908887534492
-0.0285987552287614
-0.0190879925332528
-0.0104093662815159
-0.0287430874629333
-0.0643062440284745
-0.0999821705671207
-0.104863089261818
-0.0882475062418817
-0.0779320509104324
-0.0429693979275285
-0.0929535996829385
-0.043406916428792
-0.086854828914888
-0.068866625662853
-0.0396152715276168
-0.0319344934816468
-0.0123162751994319
-0.00852959729038316
0.00437199734648708
-0.00994106359986047
-0.00741060942096827
-0.00905289876944337
-2.64859348524638
-2.68402661330976
-2.68073493681337
-2.61675492196968
-2.60287149023833
-2.57361801701808
-2.55068591525383
-2.15841565111269
-1.95377325341625
-1.22823415148451
-0.937115849378436
-0.797182443934942
-0.731675554784291
-0.905184864384932
-1.08093972817607
-1.84516747107835
-1.90343536839719
-1.63645636221328
-1.93755301734978
-1.38553069597799
-1.35948353552101
-1.31302512903946
-0.959711697969706
-0.80634618452895
-0.613286652380123
-0.381903374988608
-0.336315086589117
-0.369670827504161
-0.467244025465726
-0.369699236407426
0.10249455858657
0.0658077627394662
-0.0902183703119932
-0.385553741000237
-0.529926800741269
-0.501114963862519
-0.466930172233434
-0.424319887895872
-0.352096141369563
-0.377028166644616
-0.382220015977925
-0.302263430407497
-0.237037149951564
-0.221074771168997
-0.202112586691681
-0.20512322474436
-0.203337568226483
-0.191575265204644
-0.164204351894388
-0.162871136806128
-0.11653505813017
-0.110417153226772
-0.086057972617243
-0.0695577518675989
-0.0419795117374346
-0.0284128896958147
-0.0309692249636289
-0.00476359239426216
-0.0345239939774915
-0.042604196003146
-0.035366459672987
-0.0639138975212079
-0.0881511219770772
-0.0828363650793662
-0.0714410617294314
-0.0494402029067964
-0.0337458229563112
-0.0317894722147787
-0.0251544470067548
-0.0119549149500058
0.002279893360563
-0.00338381828187684
-2.02379332921363
-2.03959914354179
-2.06228184545154
-2.05945733734299
-2.0766267369665
-2.08268961087066
-2.10162601975568
-2.13731944711365
-2.14919421198692
-2.18549755751406
-2.19533789869038
-2.10420985590527
-1.80056514147136
-1.27526189412624
-1.12241911805357
-1.01990314747495
-0.908863332629735
-0.919981892809665
-0.895745221591591
-0.804205937807184
-0.837109868516924
-1.03211090220878
-0.965739224559165
-0.724686832323071
-0.585255168434264
-0.321953408617893
-0.0542376684759436
0.0205646963206867
0.00621953049072932
0.0139255253207105
0.0170257399352085
-0.0406767502100602
-0.0199378434235937
-0.0139128806146891
-0.129266155532645
-0.281638310933385
-0.281152874136254
-0.320171358742225
-0.452379265645102
-0.542282648344846
-0.586620451376812
-0.592926293769557
-0.579556544298329
-0.562212421363569
-0.542607609014896
-0.531760673520656
-0.514731344227791
-0.499255519442692
-0.478192448631022
-0.456204792442158
-0.435736318547117
-0.420567677597437
-0.398153144363262
-0.358048357368659
-0.333966661118866
-0.308996238720831
-0.288924400148305
-0.262795872637014
-0.244677967589829
-0.193876654508633
-0.166298910738789
-0.141976600462357
-0.0180812477894916
-0.0717804703863143
-0.0597829167411352
-0.066965437404531
-0.0681830962637986
-0.0592465622881413
-0.08481034964431
-0.0543652156052987
-0.0546084093917814
-0.0504888309771685
-2.1568497939179
-2.16838816670387
-2.19938694883389
-2.35893030080329
-2.37218367419964
-2.46731470819794
-2.20660621644301
-2.26396240076548
-2.26687831888782
-2.25601874501434
-2.16886748437447
-1.69406440529357
-1.36878837230371
-1.3681230533635
-1.26396502383059
-1.21954313011068
-1.27921140768673
-1.27878871333874
-1.25192667319297
-1.19910127377461
-1.09124894338287
-0.881415304585332
-0.823818499383473
-0.734122530991156
-0.71157070896229
-0.595219001875138
-0.527837446140005
-0.408426119206106
-0.237193543522699
-0.223272307257643
0.0767138119567368
-0.0749105666177341
-0.126796457425196
-0.0753243907714594
-0.164420384543444
-0.233478227212631
-0.3489145439357
-0.356202249770657
-0.513121771950027
-0.575549529484459
-0.585047182582575
-0.59841954072419
-0.610115263191003
-0.590666742049524
-0.576722573115267
-0.552827944882125
-0.531673238127822
-0.517967190914526
-0.492237321314257
-0.47029853382315
-0.459375155146434
-0.447626973819597
-0.424672654720974
-0.397519393437486
-0.374241880576292
-0.350111153804074
-0.325524433702197
-0.301730955505539
-0.214298771126119
-0.218916966962824
-0.118591936464732
-0.114180909733132
-0.113728251070415
-0.12803525705184
-0.105884082147455
-0.0666726257772061
-0.0670968117694675
-0.0699780997281034
-0.0835558705368791
-0.0753828418683153
-0.0906070066863207
-0.075244294364321
-2.40041265314875
-2.40661455779719
-2.4202317434276
-2.43117810146419
-2.45063446118986
-2.463885147923
-2.48211748170117
-2.51737760684751
-2.53514893641611
-2.44771981579428
-2.05735077385033
-1.65658357691383
-1.48975092156931
-1.42526291599521
-1.36300551935134
-1.39210504941194
-1.31329310818592
-1.40671538760511
-1.36406648929568
-1.3473990886744
-1.31144830023036
-1.26037111066286
-1.04001038064458
-0.611891829813105
-0.415202859466494
-0.371877480985879
-0.274668464767738
-0.230356569557005
-0.088512732007096
-0.122558623705403
-0.15980320941322
-0.176053566439359
-0.160189174220653
-0.152425211854798
-0.171136020376955
-0.195713985674963
-0.181432567141252
-0.191362544260476
-0.285168392195891
-0.335437206905266
-0.36920291844957
-0.360109072920587
-0.349957436503699
-0.339065112966948
-0.330373907343064
-0.330711618455553
-0.315520465239437
-0.315435020613015
-0.288091815263006
-0.279948932569831
-0.270685664438616
-0.249297646254393
-0.245427575647835
-0.23343474164995
-0.217588862830765
-0.224336537368446
-0.226646394237694
-0.249876941044163
-0.267135100928374
-0.16301143723574
-0.125117680199046
-0.114132797253658
-0.129463016995364
-0.118499297058154
-0.0917312732169115
-0.0842518773331813
-0.0866866829122559
-0.0902907587575847
-0.0911171583547961
-0.0811891456988487
-0.080772827736056
-0.0796522081446152
-3.44144498419689
-3.48250968790618
-3.5025315809646
-3.49320085788605
-3.48826525215301
-3.49348829426698
-3.48755977225636
-3.5056515901092
-3.50491842839623
-3.53892057221741
-3.55019631089284
-3.52807248240469
-3.27986411189954
-2.42845290025225
-2.30657435064645
-2.15792094192731
-2.12028413807734
-1.95013002653362
-1.85458787741387
-1.72649579355186
-1.6699598515402
-1.49191191435528
-1.25580282383712
-1.02501714685228
-0.85316299849919
-0.687756733705214
-0.537547710485487
-0.568403607829534
-0.460355500546095
-0.432316727011065
-0.380175906074002
-0.339656158305693
-0.318879826385474
-0.270195493566718
-0.359082288881166
-0.419195187182747
-0.409235728634969
-0.411940177088936
-0.447971062930354
-0.352376306402301
-0.393400853815194
-0.490501024450799
-0.530142101851253
-0.516621630733029
-0.551106644437572
-0.546771939384958
-0.537545376778298
-0.519061266835711
-0.498759654036669
-0.487989213129503
-0.438802141567413
-0.370252824109238
-0.301051438789083
-0.287753296909028
-0.210666762122268
-0.258325972562451
-0.221678824489276
-0.201070321291678
-0.177627194306193
-0.133439269634096
-0.114196550384396
-0.13195099357346
-0.0896553824438722
-0.131198243931988
-0.118304829176535
-0.0833380122605587
-0.0395542126323023
-0.055292035093375
-0.0481170537901767
-0.0380922528618908
-0.0393714894131729
-0.025502962720104
-2.44155768427947
-2.45885470087128
-2.44359390136252
-2.44510300729733
-2.45689092155186
-2.45888163279554
-2.45710149330003
-2.474851762324
-2.47103996253227
-2.50413662398929
-2.65085155494879
-3.12148303567855
-2.63086534908336
-2.19251374472229
-2.08602623376448
-2.00794919685398
-1.899873936755
-1.85369693117875
-1.78509280517936
-1.69402887413868
-1.56581926284369
-1.347116691596
-1.19545764752639
-0.993604226519313
-0.8556524815824
-0.730297411715382
-0.543295484611923
-0.466542207041566
-0.381145565858418
-0.323440007472414
-0.282924910626043
-0.280785321149014
-0.229523716967317
-0.172331098030923
-0.224359039475208
-0.244985561257561
-0.31758648263765
-0.342285295308584
-0.300676078097331
-0.398942990412181
-0.440723243996593
-0.464493227609862
-0.437188789104477
-0.528497875046303
-0.52309453382319
-0.505969250993018
-0.49913745568664
-0.503034420880614
-0.478011722245216
-0.460230870668688
-0.405707877297648
-0.391837681036053
-0.355001629617287
-0.381116668404708
-0.251809745069402
-0.267096664954695
-0.212041289000607
-0.163071022799524
-0.168879008402502
-0.123786113042142
-0.122818729018108
-0.0792574702193387
-0.0983395380515812
-0.0753189342230622
-0.0697758335577627
-0.107229827425333
-0.0874472236378212
-0.0721382587607455
-0.0490897936473793
-0.0512440890852557
-0.0504922606843632
-0.0468058935332163
-2.90861906178648
-2.90446553869178
-2.9051707107975
-2.89821820592328
-2.89179915598196
-2.88375486560268
-2.8774274326794
-2.87014380884487
-2.85664685648977
-2.84132281354036
-2.82024911865166
-2.80566462788683
-2.79141310110249
-2.77399306526847
-2.75255875919352
-2.73049969343764
-2.72969210029965
-2.86698107377977
-2.899442294237
-2.97242083206592
-2.99391047732106
-3.05138084696939
-3.05132125654678
-3.03786210107045
-3.01254023809206
-2.97716310870626
-2.95583906160712
-2.91250685498661
-2.86597703355392
-2.66781052046088
-2.2557718704543
-1.82315135737955
-1.77621822944313
-1.7560998359336
-1.7130250120723
-1.70768710999384
-1.68913938740577
-1.64252580164298
-1.58838537340115
-1.56927045234091
-1.40867545629847
-1.26674287974728
-1.11518628185281
-0.968401907799105
-0.887291417829343
-0.766219680146663
-0.647800982057654
-0.530750811364989
-0.526355435054108
-0.267868620583378
-0.21918593251785
-0.203926869932303
-0.166802918406048
-0.111468449444203
-0.148337756203245
-0.148651455258982
-0.120192969308185
-0.037117314600398
0.0210384182152721
0.0633199711110666
0.184770786106767
0.18573003636022
0.263167079716921
0.195912731500381
0.161535571108819
0.174956836776054
0.128434633268487
0.0985520226723025
0.0613239362428577
0.0422795280705612
-0.0309311839474673
-0.0781579518056064
-0.150693577629659
-0.148854882843576
-0.150268056497763
-0.149991056284804
-0.166133786125235
-0.204211275380044
-0.177990789251679
-0.168451850977231
-0.161408568700544
-0.189257902420624
-0.197285541306241
-0.195777471391526
-0.183500315076942
-0.156211217107706
-0.143862699274401
-0.15157807340124
-0.144181776606384
-0.146765458911542
-0.101396554336679
-0.0969506675223832
-0.122372691387721
-0.138568431984798
-0.181625817705362
-0.159099753291436
-0.162115251662888
-0.158015202947246
-0.0960664278288226
-0.0418989893072998
-0.0364617408322285
-0.0325423779689138
-0.0538402702782435
-0.0716376129900147
-0.0595239851406313
-0.0565129052547135
-0.0517488200334517
-0.0470043595809897
-0.0549893352423734
-0.0475697270038533
-0.047580011800672
-0.0483177547475027
-0.0496127147381229
-0.0411584610485323
-0.0399123140484521
-1.44164819887278
-1.44315484632524
-1.4365691925512
-1.43991737472529
-1.43422535073135
-1.43251914330309
-1.4328249086886
-1.43516865817749
-1.43357612267912
-1.43307366634261
-1.43487133921314
-1.43972301293434
-1.44217816496718
-1.44736892619618
-1.44180734522785
-1.4389122212624
-1.43162597316435
-1.42309449827243
-1.43573556324084
-1.45913736042495
-1.46426840412439
-1.47521288379999
-1.52802689197153
-1.50753040468358
-1.50853740969405
-1.45313286977663
-1.33674955591088
-1.26236268764979
-1.1828951056815
-1.1146215838504
-1.02799103978649
-0.865178211890988
-0.638250175787464
-0.498169071325981
-0.368512368744445
-0.298418120467724
-0.229525143316371
-0.18877805769642
-0.222272304771698
-0.258819505855797
-0.302771418003705
-0.376471954707126
-0.456362653368835
-0.509919793184272
-0.551024830930967
-0.611574464250066
-0.643341669652301
-0.640937292912417
-0.615058769246966
-0.603262974764412
-0.577697910719829
-0.552688692536793
-0.545410030898512
-0.524663012665458
-0.51225146376934
-0.498946130408516
-0.469666417788865
-0.450563257679125
-0.447863148377362
-0.443089102287072
-0.436372928445766
-0.426982562684152
-0.415255649559699
-0.399348259272061
-0.381603596865974
-0.366206576052844
-0.347869682095183
-0.332771199034263
-0.32596897220625
-0.315404596661299
-0.302578833636883
-0.293713627827979
-0.28643639221358
-0.275701757053264
-0.263811080263278
-0.257274433226645
-0.254634543262756
-0.254173295141009
-0.255815450810718
-0.252070877635373
-0.249161501553999
-0.250185748748955
-0.271277118701802
-0.255578521312434
-0.284673307515932
-0.25378371956015
-0.261911185155536
-0.262057461983851
-0.245624160809651
-0.286860818497849
-0.257016660955393
-0.252019459579681
-0.254872483683017
-0.251039790392889
-0.242021240674185
-0.236578469750536
-0.230140154230462
-0.220357796434622
-0.212158154575974
-0.209184351371496
-0.21543853282617
-0.212301808237202
-0.2054366586366
-0.202144109209958
-0.198940606904133
-0.201414596053081
-0.194740529045823
-0.199024719716579
-0.196246394911459
-0.193352673972303
-0.190676501010377
-3.358926846264
-3.35961070816049
-3.35584951440547
-3.34616982541202
-3.35910798101762
-3.36868215502846
-3.36376599814223
-3.37293510434679
-3.37156397653535
-3.39550819198168
-3.3748766487235
-3.12418720745305
-2.78686070994497
-2.57292039704905
-2.40684945914797
-2.08947081262706
-1.72865020895861
-1.52553643447835
-1.33566881363744
-1.14846669849558
-0.931232969089413
-0.768230037632278
-0.611679550136869
-0.450143816789638
-0.394007471655349
-0.309672194868201
-0.233549356410301
-0.175247304732184
-0.119790485588491
-0.101891376513019
-0.0440727203960458
-0.001181337925932
0.0242594049371414
0.0776050965180692
0.0919264307310983
0.114092490771854
0.123500962693399
0.119840344110931
0.0554518257234458
-0.0322902321840433
-0.122407378342361
-0.21589464846809
-0.303624594441722
-0.304592154470087
-0.363300300167207
-0.380396357020789
-0.354975179420274
-0.339404922121705
-0.3458695680636
-0.320602653576417
-0.302578695871506
-0.275512225210742
-0.276079570961999
-0.24577025036478
-0.21538822834347
-0.200187198121984
-0.178381843148065
-0.186849245166644
-0.169796123262747
-0.159249864973148
-0.151757837166069
-0.153726831676126
-0.168282605319553
-0.170825683288436
-0.15359065078332
-0.14076674077709
-0.132112642395218
-0.132349249182036
-0.122859114231342
-0.112767626578043
-2.96559723596092
-2.9681302292871
-2.96987473011212
-3.01048108391659
-3.04847816164276
-3.08926273343519
-3.10114891328011
-3.11475843319196
-3.11682247894959
-3.12474437732792
-3.08329510246415
-3.0619209222249
-3.01456515092081
-2.84467659590257
-2.54249082208946
-2.14976796500858
-1.73543783922574
-1.47890509259373
-1.36490531025619
-1.16188536101264
-1.01265299027828
-0.846958414299757
-0.714746910586033
-0.525926806215318
-0.4440601697984
-0.424366546250681
-0.356392710094444
-0.267350928791307
-0.195406787833282
-0.198756801092787
-0.157817686522092
-0.0903880749319055
-0.0542417926035692
-0.032239157514538
-0.0177429748750892
0.0219582388111936
0.0214495465191069
0.0245642415164662
-0.0418115176944398
-0.102997148359737
-0.17692302648439
-0.266785434685457
-0.32766796800399
-0.307983969662311
-0.320681097918109
-0.312778673823044
-0.302861392125404
-0.296073938882505
-0.304153056416141
-0.326535203847852
-0.328940673698344
-0.290879920988136
-0.280007134840593
-0.274055227119146
-0.243554937893612
-0.230642521380818
-0.213514822664163
-0.194069237624891
-0.185732165531762
-0.194778164811483
-0.181154978766388
-0.174308232568626
-0.162358815904307
-0.149065094879018
-0.137941783798782
-0.133393779484993
-0.138312175922819
-0.144139376144728
-0.136600372186906
-0.134401870628116
-2.88369418148372
-2.88345525030297
-2.88626726316213
-2.89351113004156
-2.89504179016179
-2.90367042529711
-2.89795364919173
-2.90864894337193
-2.9136539710847
-2.942592078695
-2.94905075728934
-2.9313365767845
-2.90053582292856
-2.87714004908386
-2.65646574756554
-2.3068353269838
-2.03415705319717
-1.70735949924704
-1.5347447306569
-1.28033243913961
-1.04608624922305
-0.835099636780782
-0.619989162518018
-0.486866742989083
-0.409334661913106
-0.330704667923383
-0.241263136170228
-0.167637294535163
-0.158299528085604
-0.168941911716112
-0.0692298517359857
-0.0284248209508791
-0.00554309298172928
0.0421038175773751
0.0596359821951613
0.0750153545569687
0.0895152417593796
0.0729690741868847
0.00923780426182752
-0.0465727155025659
-0.151108868026427
-0.256273924297588
-0.321335087439676
-0.379049722792113
-0.373627288162886
-0.351685076009303
-0.341991098806603
-0.315344330504797
-0.303157419710737
-0.30080273169344
-0.312934838522757
-0.308230656029805
-0.292827577960457
-0.259895033782197
-0.241246403180436
-0.223096130497412
-0.213292245958642
-0.194142398131984
-0.177306227558562
-0.157859431876956
-0.139651104808167
-0.137000576652806
-0.145901673495457
-0.156240955793689
-0.15260809497849
-0.148520231718278
-0.145345985557536
-0.132729396216496
-0.12147034914987
-0.132785450423816
-0.13084705707375
-3.11279425660097
-3.11297012561428
-3.10448875271388
-3.10557146575309
-3.10514967903781
-3.09963386637714
-3.08366367081112
-3.08351664952389
-3.0773277735927
-3.09709301889633
-3.09903497021357
-3.08250000376294
-2.79574832311837
-2.14710549583373
-1.75824311392867
-1.4411796563601
-1.21279402296544
-1.16235275281681
-1.10456349665275
-0.957615958701311
-0.778867026726691
-0.657844737085641
-0.555302403426964
-0.44798175963102
-0.387709760669224
-0.34463270443278
-0.295656487840791
-0.209399359607166
-0.162770998970744
-0.167630915798637
-0.102189294852754
-0.048608045001409
-0.0243160250879622
-0.0155273610890538
-0.0143157437691928
0.0143283340526494
0.0122315237240742
0.00578829860917685
-0.0596785313837156
-0.119678695166012
-0.210924427991551
-0.302231826956351
-0.354685257049942
-0.364361531559596
-0.375785698363309
-0.351158260545323
-0.372300302017273
-0.35944842464392
-0.354357233996402
-0.340308909225859
-0.309293613996909
-0.301580379779527
-0.273741954030924
-0.254989529851097
-0.237254760440016
-0.200506723484015
-0.176435173544471
-0.175615724762964
-0.169580519632095
-0.17090554490055
-0.163698674422246
-0.16251517379547
-0.153932569664589
-0.152615387135454
-0.157730768544049
-0.162459315357365
-0.15024531105808
-0.156361088794223
-0.138786449141348
-0.127678887064399
-3.48348122697936
-3.47154284938824
-3.43640286441281
-3.40121906673702
-3.35336524235988
-3.32338266693448
-3.26602854515189
-3.22694103327144
-3.17774042345101
-3.16664902126783
-3.13405596170706
-3.07707053978347
-3.02119586676523
-2.95032302066881
-2.07673184948726
-1.70028500077444
-1.53526525154242
-1.50440166132666
-1.25927363405852
-1.12144991649322
-1.00395200919741
-0.754503152443942
-0.606088198944582
-0.520365347818138
-0.470993379993892
-0.45235401551341
-0.395339966986717
-0.326061145361925
-0.282489317103216
-0.288331708880533
-0.214455326427192
-0.125741804731432
-0.1022649213743
-0.0764870802255651
-0.0615413876132131
-0.0289357671951684
-0.0435341254423061
-0.0547164388813708
-0.0925658560873042
-0.12223908643426
-0.151558199465751
-0.206756086070042
-0.299684806215657
-0.303638727445793
-0.303038107631192
-0.273581916701608
-0.245270831644991
-0.238515600297648
-0.218867782634299
-0.219236174780622
-0.22495822837631
-0.229680622429489
-0.227174633986261
-0.202952107900127
-0.17748388138481
-0.171005867375983
-0.158786231340541
-0.142842471535232
-0.131475940940754
-0.114989490610313
-0.129746966175936
-0.128155564505512
-0.123387116574242
-0.128464118406051
-0.144704794266795
-0.138952452339662
-0.125617706038731
-0.126274144544461
-0.116938745196705
-0.121385131652283
-1.99605863004337
-1.9868930195737
-1.98762053739063
-1.99227506601719
-1.99187694006145
-1.98744696143193
-1.98700566310096
-1.98657373253614
-1.98317178472579
-1.98382042512151
-1.98330802288324
-1.98295434972608
-1.98361919519879
-1.98316256188225
-1.98244423427084
-1.98135856606108
-1.97997037034335
-1.97839701845482
-1.97775606255346
-1.97616455697924
-1.9737207251742
-1.97142099853696
-1.96922723450729
-1.96710126806589
-1.9650056494492
-1.96388604155473
-1.96359569459598
-1.96195487652552
-1.95978359644816
-1.95690193594799
-1.95418668537068
-1.94886593271832
-1.94430396450951
-1.93886475599724
-1.93591215845683
-1.93057659295986
-1.92795312694592
-1.92502452428457
-1.92034677502702
-1.91433285786903
-1.90450692617787
-1.89820990981413
-1.8891439577664
-1.87701311703245
-1.86252136213081
-1.85127915366831
-1.856155987806
-1.86066980282223
-1.88733619488139
-1.94767060374526
-1.98722699290239
-2.06988794440785
-2.16770402930096
-2.18572628458314
-2.22100637477354
-2.23357406813034
-2.24725262030024
-2.23775268089738
-2.2187838691354
-2.19705631158268
-2.17236245488381
-2.15234716154904
-2.13315143107894
-2.11192290666227
-2.0858092314878
-2.05686094657413
-2.03304847137409
-1.99766677679896
-1.97800018722822
-1.95633388761905
-1.94496429750213
-1.91233368948749
-1.87998116222017
-1.8514486616956
-1.80827686742974
-1.79303950597754
-1.77774252073899
-1.76169958240771
-1.737232022427
-1.71766084226881
-1.69929575326996
-1.67927869921945
-1.65362431862561
-1.61834354459544
-1.58744767453953
-1.56594861909866
-1.5348733123083
-1.4962610307538
-1.46215115903784
-1.43458332971844
-1.39460540387673
-1.36741266945385
-1.35532911813174
-1.36668356473866
-1.3558039696107
-1.32300248869264
-1.27825650841051
-1.2392314512712
-1.22458130353788
-1.21396001714143
-1.18703700951266
-1.15482707749152
-1.14368896529779
-1.1349963356946
-1.11712258250895
-1.09742541774233
-1.07885254199773
-1.06191816981155
-1.04311563616974
-1.02193782020196
-1.00289550143973
-0.982009939037479
-0.954880368617532
-0.933137191303016
-0.910411159169201
-0.886320111188489
-0.860066848925849
-0.845351818119091
-0.82984537686223
-0.812218039651873
-0.79714207716382
-0.775355398058491
-0.757680914269125
-0.727947222061452
-0.702983148490394
-0.692621195334727
-0.683878678556225
-0.649027013910813
-0.635356503228585
-0.624156986761265
-0.61271616976245
-0.604181937251518
-0.60049708324268
-0.588587089593373
-0.577378357084423
-0.570795042072905
-0.564665551156356
-0.555665596413152
-0.547458191685965
-0.538706474795127
-0.531076888683692
-0.518541913909954
-0.506589247844454
-0.49775646337957
-0.492581039947592
-0.488596357054313
-0.482950683829357
-0.479096526825139
-0.469413612503499
-0.452280994032215
-0.441081475339379
-0.43154691138686
-0.42008713454728
-0.409188262370952
-0.400337438561754
-0.405020260737083
-0.410557876544782
-0.408930361435484
-0.41507515137021
-0.387929688032019
-0.403431449351626
-0.444453942428389
-0.463728563072827
-0.482967818833218
-0.488884131427153
-0.486190426800399
-0.471710651314846
-0.437535295280785
-0.428792953245968
-0.388612936921233
-0.357124303927586
-0.350500484179582
-0.342028060789749
-0.327012602504411
-0.311758642379578
-0.30757133948367
-0.304609589387761
-0.304632219749331
-0.320329245113393
-0.320390292833185
-0.324505877540498
-0.333436177327968
-0.337149419820234
-0.336652412835181
-0.339952410510278
-0.351056243177291
-0.419974936285905
-0.440734001427078
-0.424361871164026
-0.328886766344273
-0.31333711936226
-0.31772194266141
-0.33098616005605
-0.340060431461606
-0.346875521697672
-0.347361915512082
-0.364470765263048
-0.406230906177321
-0.424687795339757
-0.427887837787487
-0.430876931202903
-0.436689062215166
-0.4753115882541
-0.492719458983037
-0.481887316982182
-0.486790876761669
-0.426444407120696
-0.326032959996208
-0.322787246030995
-0.302938287434116
-0.30671715028365
-0.308286430950204
-0.300494330276173
-0.28909727422618
-0.294851545272965
-0.318513683381333
-0.328893764456501
-0.314073952125605
-0.315220816071495
-0.326501023818391
-0.318081313462415
-0.311089668168694
-0.31244514435122
-0.308995842697905
-0.315590164945273
-0.341076470868179
-0.361323877608394
-0.3693247036319
-0.380115368951621
-0.386732281281483
-0.395212336616654
-0.399586533691773
-0.396850642331581
-0.393986446787161
-0.375976579482824
-0.355802358679672
-0.338450891039104
-0.340938917782915
-0.338296948527457
-0.321555092065551
-0.318743398062206
-0.321892910611545
-0.325039993117978
-0.325224307702417
-0.327484948879316
-0.327860948220622
-0.32538169348545
-0.321996721048972
-0.314617789017785
-0.303155476124462
-0.306521129763071
-0.29763728187167
-0.29052875490049
-0.311272625991705
-0.309946914045855
-0.309629115349958
-0.315389656102216
-0.3252281714917
-0.321105214676391
-0.321981343629729
-0.326816896980066
-0.324581732213613
-0.305350618876794
-0.306259767725904
-0.31044562818204
-0.308045334404458
-0.297179465583464
-0.292784900893801
-0.300681953535586
-0.304688776152961
-0.30562419659148
-0.307320570575908
-0.302787398098379
-0.311153986667191
-0.314551733598118
-0.313112400510519
-0.311953557040844
-0.312004033471939
-0.313055147077272
-0.294896132187563
-0.276315542210078
-0.303117587339183
-0.301339549547033
-0.29519941224709
-0.281919663104063
-0.249722726840155
-0.241820694831311
-0.235247641574879
-0.234891024445861
-0.214634474922785
-0.210360707049483
-0.202958581098028
-0.202413622719722
-0.205798417422722
-0.201187729102918
-0.198656872879952
-0.195277461994766
-0.194049388071605
-0.193905663388429
-0.191776102313111
-0.188590944552269
-0.186280972860205
-0.181796957942414
-0.18410998163194
-0.186191256989398
-0.19401296219381
-0.196547974382672
-0.223819116020289
-0.19790022384448
-0.187868500599631
-0.19080088390866
-0.189773259786035
-0.192828139318832
-0.191970110654665
-0.190201582064899
-0.18752470242148
-0.186941456690042
-0.185430905900861
-0.186944095126051
-0.205431079502512
-0.22284113406156
-0.212125229597801
-0.188275184154168
-0.181336941524399
-0.179360280579196
-0.211394631144459
-0.202489450194197
-0.197689028845527
-0.20102932103798
-0.211546066909583
-0.234275048560036
-0.236250928160648
-0.237452834613607
-0.249777842111119
-0.25911552118288
-0.25635627205523
-0.254390777791255
-0.253154010042975
-0.251653561076861
-0.249902418976946
-0.248914453022329
-0.246703442069386
-0.24231549912892
-0.233852486998822
-0.224421340432184
-0.218129636958591
-0.215083465378715
-0.228331722204357
-0.243817043237857
-0.245470395473701
-0.247223432551885
-0.253007380892055
-0.233788666518626
-0.240602448405792
-0.260491730744092
-0.262499391839059
-0.26366842079223
-0.265004837688753
-0.259436377833286
-0.253881618286258
-0.248258928207095
-0.246486713822158
-0.241503446849717
-0.236291413801824
-0.226839749470878
-0.232137352138055
-0.234173056745252
-0.245972626496568
-0.25665074834078
-0.257335900585866
-0.257155733750497
-0.256238427447824
-0.228652631874202
-0.21931266434399
-0.225108228302947
-0.214929387685721
-0.20666579732283
-0.230241145018947
-0.245675294689487
-0.239004250184488
-0.22426437012083
-0.210491421197568
-0.187721348123836
-0.184985807786492
-0.185316865071399
-0.183746430369187
-0.186306088485586
-0.187009541624779
-0.185812071728595
-0.185657396617969
-0.184488881254338
-0.181249819431681
-0.175899744544344
-0.172454512219641
-0.167942017367877
-0.169390145362615
-0.177826501164309
-0.179275312872246
-0.17174403029529
-0.174236507018763
-0.171757391992364
-0.169310122999413
-0.163891870718881
-0.160470940526463
-0.156008205021942
-0.159464382309012
-0.164800562424349
-0.158994182030288
-0.163096822697236
-0.175179457470747
-0.167313275425581
-0.154570163726095
-0.149005222175333
-0.144601086192633
-0.142317965746756
-0.139116596042265
-0.134957494845988
-0.132805214756694
-0.130646331794768
-0.127474229315668
-0.128282335465708
-0.127063445151458
-0.125817481574356
-0.120576581912707
-0.118385109931376
-0.121286371161834
-0.116324996742844
-0.110534579525524
-0.106891102696848
-0.104348652856672
-0.101861521762932
-0.102383711256575
-0.10187125618599
-0.10328747462814
-0.100599605476982
-0.0987748136774451
-0.0957798178548779
-0.0935915652570172
-0.0912551276532789
-0.0888444398580996
-0.0874337079998022
-0.0830967853472098
-0.0818982864652713
-0.080833957581421
-0.0808670981762192
-0.0819611576915165
-0.0890797000100774
-0.0871909874386829
-0.0803037738282946
-0.0713044891261734
-0.0696464726034098
-0.0709329511410211
-0.0703293920828245
-0.0678164096132465
-0.0653525947996769
-0.0638961765235235
-0.0644056220847773
-0.0608435875207767
-0.055218427409478
-0.0515623111314545
-0.0489090020404594
-0.0452916207137508
-0.0467404283487309
-0.0512569231664912
-0.0468251431663127
-0.0464282687705384
-0.0500504226317391
-0.0576760548788178
-0.0583019795812794
-0.0559326103006454
-0.0495726118074789
-0.046226545875518
-0.04989824769281
-0.0485865555165494
-0.0482849399854972
-0.0549879842149688
-0.0566894301795342
-0.0533838943616436
-0.0560698065339751
-0.0587495598145908
-0.0634248029767677
-0.0740977550910276
-0.0867705118010469
-0.10944496033137
-0.106123937441621
-0.10580938731196
-0.119504081911855
-0.121210609034857
-0.116935124118479
-0.118687872209269
-0.121479002795204
-0.115318074086192
-0.120214738409857
-0.117156908175176
-0.121115715331598
-0.133060760347295
-0.141962275022832
-0.143790922714733
-0.138542984706405
-0.132238373894998
-0.135897831158936
-0.137542095469291
-0.134192122306376
-0.126866317446095
-0.133581700955169
-0.135354544011257
-0.139201617517358
-0.140138353176243
-0.138152905315252
-0.134203535520525
-0.131247333610588
-0.127240798125892
-0.125141910939171
-0.123935827452749
-0.126638982356186
-0.147270469815292
-0.155848758385527
-0.157392916256437
-0.155919555636564
-0.156444719579226
-0.157983753306077
-0.157552385415842
-0.157165553926253
-0.156831320789849
-0.155546604226548
-0.156308278514755
-0.15611293755263
-0.154956754873892
-0.153826627867799
-0.153695731065417
-0.154535792255138
-0.153318756663101
-0.148017125684231
-0.144625346855409
-0.140170980129509
-0.135685036224874
-0.132197572185533
-0.129739456743185
-0.127326357159696
-0.125950676680604
-0.123602165641823
-0.125271020698846
-0.132947334067542
-0.13661419170882
-0.135242498939851
-0.131802388753534
-0.128263351366278
-0.128595925881058
-0.133794990622858
-0.138901261131704
-0.136961327472247
-0.138020785980495
-0.138125910216372
-0.133309405288022
-0.127578307442684
-0.130936376406787
-0.132387225040915
-0.132934727554739
-0.131571808041683
-0.132269098596634
-0.130994187691065
-0.129714228920958
-0.128397044326267
-0.131021522747457
-0.133591379655284
-0.142114816914808
-0.147598977812597
-0.152051880276439
-0.146482170657662
-0.144901249345478
-0.149320334984703
-0.15275106011481
-0.161205539409205
-0.161691634418936
-0.174209107321225
-0.183756713879221
-0.18433255754284
-0.18293499438541
-0.182565137247835
-0.180230582773533
-0.180940535539206
-0.184704085680639
-0.182530254290961
-0.180417529909058
-0.177331695791617
-0.175232848910182
-0.17608060939914
-0.176834725261687
-0.174471745631115
-0.172023539183232
-0.169533305289143
-0.167044243319947
-0.165599479460631
-0.164230351350739
-0.165924275004914
-0.164659759193689
-0.161415282170017
-0.157168845367528
-0.160904420329148
-0.160626072325998
-0.163342573762606
-0.166063421835973
-0.164797232548042
-0.165550777583546
-0.167319872472656
-0.163098060403498
-0.165878150232368
-0.165653902582528
-0.166419659969183
-0.168176091188879
-0.167925520455763
-0.16667069738807
-0.165413417929723
-0.166158476810145
-0.165920467317318
-0.166716658668465
-0.168565419270802
-0.168483666039244
-0.165485051957085
-0.16455878485619
-0.1666870142331
-0.165851916405835
-0.163034921919099
-0.161219702862126
-0.15939593805346
-0.157555786889667
-0.15569141105517
-0.152795044713642
-0.151859649340123
-0.149884759166486
-0.151872096168154
-0.151822753007471
-0.14973881798277
-0.147623470371971
-0.146491376350078
-0.149361062933844
-0.149252032379785
-0.147182968691857
-0.147170720352221
-0.146217845049886
-0.143413082740252
-0.141471670104098
-0.139581187687443
-0.137822226016055
-0.136175966211981
-0.134452573771707
-0.132721891909146
-0.133055296612161
-0.13217093888727
-0.132331625975193
-0.13445134101114
-0.138533254887867
-0.136580164657802
-0.134595424034262
-0.132585772487188
-0.131559697058281
-0.129525918994497
-0.131492890606629
-0.132469202794836
-0.12946222472709
-0.127478610353017
-0.125525203013941
-0.125608867032013
-0.123735824166965
-0.124908704408929
-0.125127467555532
-0.122392610170492
-0.120703955523456
-0.119060752325668
-0.117451154469581
-0.11685606984518
-0.116256428910145
-0.115633328061489
-0.11696824729919
-0.11825617454272
-0.116500962945219
-0.115706618149254
-0.115877435714384
-0.11301755698354
-0.109139359914709
-0.104259559714909
-0.106395611825565
-0.0966552394875397
-0.0807835039474321
-0.0770494597288338
-0.0683454300003472
-0.0636550074106856
-0.0609601976944991
-0.0632451461956092
-0.0635080303030349
-0.0717590519205005
-0.077009133008016
-0.0752691650080135
-0.073549687798772
-0.0698561922984458
-0.0671888345777893
-0.0645486047116792
-0.062935632560758
-0.0633504649525438
-0.0647920182536477
-0.0662579523838271
-0.0657466635574986
-0.0642553768770155
-0.0627818190647331
-0.0613183368490393
-0.059851890324921
-0.0583691914244042
-0.0568569520795119
-0.0563021795198786
-0.0597023761425048
-0.0650656644380749
-0.0654011073201493
-0.0657180900442067
-0.0660253930970192
-0.0673312993722712
-0.0666445961425537
-0.0659727258558007
-0.0663241571135056
-0.0657065535380741
-0.0641256588509851
-0.0645838660902931
-0.0640830884307366
-0.0626257368650478
-0.0622136074096336
-0.0628391449108747
-0.0634810659011604
-0.0621179544107222
-0.0597279386134679
-0.0582893280398933
-0.055793235281504
-0.054248459157709
-0.0546652625522044
-0.0530542707449224
-0.0524258462287825
-0.0517902861537234
-0.0521592492911038
-0.0535437986078464
-0.0549550695501186
-0.0534047131315449
-0.0538963053903578
-0.0564209951584265
-0.0579692423106786
-0.0575313617635467
-0.0590970804312199
-0.0616585500148989
-0.0612084198755616
-0.0607404603922106
-0.060248420963013
-0.0597253927324681
-0.0611714534757497
-0.0635978129206118
-0.0670171328677891
-0.0664424375142607
-0.0658857773023502
-0.0643484794473652
-0.06280816591685
-0.0622396542131041
-0.0616181452154994
-0.0619180612779493
-0.0611300879964896
-0.0602763798589714
-0.0593841397785546
-0.0584805706684026
-0.0585920733087768
-0.0577423066753338
-0.0559460191757002
-0.054216680195927
-0.0545679250613955
-0.0540130082842398
-0.0545553857335284
-0.0541719575894821
-0.05383639422076
-0.053521484800954
-0.0522008218264021
-0.0508566791763143
-0.0484957527517467
-0.0471285424264738
-0.0457657655120123
-0.0444180633736351
-0.0430925836980824
-0.0417864105967896
-0.0414947546227302
-0.0412129712873788
-0.0409363439822483
-0.0406611281418008
-0.0403851385231428
-0.042107438104444
-0.0418265710650472
-0.0465414764192547
-0.0472508969893251
-0.0459537428813306
-0.0446492145985595
-0.04433634670497
-0.0440143187182818
-0.0446822838446423
-0.045338632347169
-0.0459815850674024
-0.0476100056233721
-0.0482222598165816
-0.0488179509794371
-0.0474030223888908
-0.0459842581484584
-0.0465686807802346
-0.0461629599468174
-0.0487730039627357
-0.0503995327598288
-0.052041820945874
-0.0546991431243873
-0.0563709913366308
-0.0560563047455962
-0.0557513990408558
-0.0564527665614274
-0.0561561633746761
-0.0548579158452105
-0.0535542011342862
-0.0522420558768637
-0.0519186833138559
-0.0505815041789033
-0.0522277427487401
-0.0528550735715236
-0.0524627053029825
-0.0530510136751747
-0.0546198044634632
-0.0531691733601996
-0.0527004838612553
-0.0502231428521589
-0.0497487873300697
-0.0482895646989054
-0.0488571874870929
-0.0504619243215982
-0.0521014798761974
-0.0517692928839204
-0.0514582651010622
-0.052162086018904
-0.0528745268398634
-0.0535961424486318
-0.0523290806044812
-0.0520758489093538
-0.0518390064636072
-0.0506202650593415
-0.0514152031491073
-0.0512164618921145
-0.0540171176439017
-0.0568102772775858
-0.0585887812000427
-0.0583487119908699
-0.0570875417788423
-0.0558025117050276
-0.0544909353897443
-0.0531512333080757
-0.0527911071686296
-0.0514231761126638
-0.0520599708102067
-0.0527136690717898
-0.0543959215091618
-0.0561061947417696
-0.0578378694340977
-0.0575841724259787
-0.0563385899566575
-0.0560948857900638
-0.0548499047610513
-0.0546029379977444
-0.0543532799800426
-0.0571004121080132
-0.0668432928634006
-0.0685846787778406
-0.0693284726711756
-0.0710792044724271
-0.0718409787718701
-0.072617698007031
-0.0724104975672812
-0.0732190087508937
-0.0730431215979621
-0.0728817934551027
-0.0717345529215803
-0.0715966709288942
-0.0704610275675037
-0.0683203018331957
-0.0661671002425077
-0.0669942411244722
-0.0698003607093756
-0.070587254933502
-0.0703572872735969
-0.0711125103085846
-0.0698551863325307
-0.0675869899547235
-0.0653089257476953
-0.0660223179135078
-0.0697283504640946
-0.069428306699697
-0.0691246104303902
-0.0668206945739618
-0.0605202647005698
-0.0582267784250483
-0.058943743927597
-0.0586721732872491
-0.0584106821914276
-0.0591578020509318
-0.0569121882542194
-0.0566724440015034
-0.0594343107352979
-0.0611913869580407
-0.0589369744125112
-0.061664220346251
-0.0623668099548742
-0.0620436455835893
-0.0606990324139338
-0.0593377040702783
-0.0579643474469558
-0.0565836090944258
-0.0571989659532885
-0.0618127356793061
-0.0624269396712833
-0.0620437557306124
-0.0626655248814014
-0.0642247752874874
-0.0639269124788764
-0.0625668241881154
-0.0622129665969577
-0.0618652020298995
-0.0615232888190196
-0.0611859795461123
-0.060851984687774
-0.0615202998692221
-0.0601897701793868
-0.0598608600586874
-0.0575360214658476
-0.0572181875464803
-0.0559099643359082
-0.0536140919661698
-0.0543331869295303
-0.0540689205361038
-0.0528234729779484
-0.0525987602793343
-0.0523965289544359
-0.0522171503158146
-0.0510578212290969
-0.0499157115608768
-0.0497879911777466
-0.0496715994507133
-0.0495625718991983
-0.0494542888743783
-0.0483403546716255
-0.0492142028786122
-0.0480690866301379
-0.0469010195112085
-0.0457103415092521
-0.0464978233565525
-0.045264313033011
-0.0450106471774012
-0.0437397283781047
-0.0424587607912792
-0.0441752716614998
-0.0458971038995393
-0.0456317658807044
-0.044383313237365
-0.0431488161915734
-0.0429243571730094
-0.0437063295091773
-0.044490609080724
-0.0452746780477236
-0.0450586079965227
-0.0458426028197818
-0.0476271305779481
-0.0484124501571372
-0.0481999902122003
-0.0479931213207847
-0.0477959680564239
-0.0476121781554946
-0.0494458441603871
-0.0502981687218955
-0.0501642001979434
-0.0490377505192019
-0.0489128442857141
-0.0487832490155802
-0.0486446267513239
-0.0484962119375361
-0.0493384438322915
-0.0501711913964231
-0.0499946806878007
-0.0488085775547185
-0.0506106030265863
-0.0523981862164382
-0.0511687562373073
-0.051919759496345
-0.0516513582270242
-0.0513717657552262
-0.0520908084840244
-0.05181841104495
-0.0505645908500099
-0.0503345140660736
-0.0501173727776214
-0.0508989563034385
-0.0526652456508472
-0.0544019368353044
-0.0551014055072307
-0.0567779951326728
-0.0584519175033087
-0.0591430267829471
-0.0588709854462752
-0.0576514715201359
-0.0584822525097206
-0.0573569189670249
-0.0552690566756739
-0.0542120597307569
-1.8957132205059
-1.89404532369087
-1.89240359209454
-1.89265252011219
-1.89285033881642
-1.89303441789725
-1.89317814398096
-1.88935092978785
-1.88555810197765
-1.88885118188027
-1.89055409518816
-1.89346828642642
-1.89442161420435
-1.8963097009076
-1.89687905164408
-1.89713375965135
-1.89609654800048
-1.88787881320331
-1.88959268357766
-1.89234052549802
-1.88124373896532
-1.88027805410636
-1.87142396719811
-1.85565346073435
-1.85993854009708
-1.85223254914034
-1.83238657889515
-1.79521423351023
-1.77452910534596
-1.7721447219129
-1.76993329979123
-1.76612884539358
-1.76110460769078
-1.7512336985002
-1.74489026723689
-1.7413567705183
-1.74130329032824
-1.73914790963611
-1.73430731681999
-1.73119855311748
-1.72634954038227
-1.72009793131064
-1.71314012179705
-1.70617411242992
-1.69589771687751
-1.68691803169347
-1.69211906357154
-1.71904159522295
-1.73222457941377
-1.74720661032851
-1.77956279287346
-1.84917755478144
-1.95809292929577
-2.13235213316187
-2.2999990487898
-2.38705340435107
-2.38931436113747
-2.38246091109389
-2.36817118655723
-2.33412266564381
-2.30407748936174
-2.28465234919467
-2.26696520495506
-2.24013900406203
-2.21729757703709
-2.20547006130146
-2.19463694434795
-2.18212261567507
-2.16124125772691
-2.12930771026476
-2.10564623551436
-2.07770044604751
-2.04499451981388
-1.99905372514618
-1.94540350776054
-1.91260277889236
-1.90665524772415
-1.86088347805139
-1.8256172592819
-1.80118547483289
-1.77490567668781
-1.75592137623104
-1.73824262119578
-1.71887611876244
-1.69274683173652
-1.65910705504083
-1.61573224065774
-1.58473501246007
-1.55814596033101
-1.53499612047334
-1.51332481907838
-1.48332046430334
-1.45030131035496
-1.42458983441381
-1.39850934144979
-1.37936620765689
-1.364146588597
-1.34253813616753
-1.32021622904157
-1.28585747803945
-1.25715274513331
-1.21913217650618
-1.18916199988507
-1.16362394951331
-1.13789911685775
-1.11735196430684
-1.10092101274398
-1.08809376488927
-1.07433504389468
-1.06011026419025
-1.0459030135825
-1.02072530863081
-0.995187836230659
-0.972934272489593
-0.950607370358425
-0.927837998804895
-0.904845125981186
-0.895349079228767
-0.879040195150935
-0.849609226152982
-0.832748253947552
-0.822206758140132
-0.809809380292643
-0.794385194660983
-0.787763286945142
-0.778777174221168
-0.773437071714039
-0.763997059337741
-0.756729489884985
-0.746907036583054
-0.730799067998459
-0.714543223582442
-0.698080409444176
-0.690336381898237
-0.684236974809434
-0.674706108933029
-0.66737737817446
-0.660547300367385
-0.647292981911848
-0.637495668426633
-0.618840157028851
-0.606306883173593
-0.598376413722855
-0.588577110003469
-0.572437665220928
-0.559482669378067
-0.553854721622948
-0.551007542006042
-0.547322098272033
-0.546179089229452
-0.54496280835513
-0.539405769466201
-0.532915586598652
-0.526977210272624
-0.519074927250929
-0.510693126647566
-0.50915386001315
-0.496445524430336
-0.490515224837944
-0.49030929751329
-0.488774198572689
-0.484790565709077
-0.489092630144645
-0.472394671709509
-0.464410747074001
-0.458855747853048
-0.453553643086019
-0.447589910237991
-0.440087450874183
-0.433169664377809
-0.422960251555995
-0.418628398886212
-0.413462429754156
-0.407769121380357
-0.411855003030024
-0.414027038720462
-0.41344425715472
-0.426860634728836
-0.432960730276303
-0.430428845138549
-0.431949512914544
-0.42627921499711
-0.420386097324665
-0.409278152001212
-0.4089635179966
-0.408449908269044
-0.410748780129488
-0.45088304711018
-0.458877634385196
-0.449757505275587
-0.44954801603041
-0.435257078165884
-0.432833512520673
-0.428213235439512
-0.425332527570728
-0.428127193014508
-0.429553243142109
-0.430637618718126
-0.432424660338425
-0.43395885355737
-0.441283938156007
-0.407433506587734
-0.390397148969949
-0.382153826096595
-0.371682239362201
-0.365961454464886
-0.361009061308923
-0.346010738928431
-0.338197268507336
-0.336799544421615
-0.326048356143067
-0.316107703093612
-0.313830849011196
-0.323980708743274
-0.343320767134662
-0.339613511486848
-0.335674528030553
-0.319581802360706
-0.31049512559209
-0.304574553577568
-0.304979873233849
-0.320833284256252
-0.386048235684857
-0.388469015177834
-0.378939487053164
-0.37030364723588
-0.362427223621319
-0.360301369364003
-0.357962919556395
-0.353448721409061
-0.351795830033564
-0.350035777661045
-0.349165980431968
-0.348170723762518
-0.34603426300063
-0.343740708535742
-0.341278285160233
-0.337662944536949
-0.331921977051744
-0.328083065159855
-0.325173538457015
-0.327221513061021
-0.346260460549508
-0.347325444379881
-0.347452061304504
-0.347675637232232
-0.347022746938666
-0.345448118836691
-0.344872575565569
-0.347216002914788
-0.348398959967901
-0.35735331105661
-0.356111494136866
-0.355757800083347
-0.347377927627154
-0.344056457793095
-0.33486969753027
-0.333810146126562
-0.340823468309712
-0.345855085950622
-0.346850556341949
-0.348765919690612
-0.347666625150822
-0.350682783002538
-0.352946267782114
-0.352588021332422
-0.348723666732039
-0.346293714285657
-0.342126796182461
-0.338050132782506
-0.335890706027269
-0.333490094237846
-0.329864234203638
-0.324147310947344
-0.320476822117396
-0.313989010326814
-0.311806805514752
-0.310856285666143
-0.311921930698392
-0.314784645433492
-0.317225718070519
-0.315041983799135
-0.311266043531369
-0.308112757553531
-0.303801783064013
-0.295553326577613
-0.290576185512084
-0.287905635303694
-0.286432636462263
-0.292043318061589
-0.301624699907276
-0.308068135008829
-0.305362988761245
-0.303583907914866
-0.303808180991648
-0.30811350087145
-0.310573969663571
-0.309192520601633
-0.307903702445387
-0.305640273038282
-0.304334534367442
-0.305919905142284
-0.30635019269011
-0.305599711791638
-0.305643536247571
-0.306456884817107
-0.310016774990362
-0.307344865088532
-0.293511133491576
-0.275587777615165
-0.262646849916468
-0.260759734957956
-0.253963702451484
-0.253257939784425
-0.250639223716812
-0.232104765884168
-0.205650540992325
-0.193252542943316
-0.179861831117918
-0.158427596089256
-0.145899673114298
-0.128228098777644
-0.126404916477175
-0.124477268075852
-0.12349522871548
-0.123509184435682
-0.122569562021516
-0.120721592592923
-0.123004367443602
-0.13045605095424
-0.137114599604522
-0.137017181767602
-0.137145454495579
-0.127396671455832
-0.119661544063046
-0.119830503351651
-0.133794896645293
-0.14549028914424
-0.146923439504065
-0.149106796998378
-0.146053089373686
-0.158775639557054
-0.158319903469461
-0.149786792403475
-0.142282348183576
-0.152912986474582
-0.172784038759045
-0.179943589901189
-0.178334054826311
-0.17888604468904
-0.176364318152997
-0.178032220517331
-0.186857836581145
-0.225541706546402
-0.235293920113121
-0.236157598693097
-0.231175684350171
-0.228355199495429
-0.232627132446455
-0.231913177283801
-0.235134698116699
-0.241213153819968
-0.247089626268739
-0.245747395233722
-0.245175717997973
-0.247363809882882
-0.251301694110269
-0.251014378699106
-0.248615026772994
-0.24622904204919
-0.242982760938441
-0.242001392103372
-0.242351713890717
-0.254947200021451
-0.247676238787304
-0.245428093953029
-0.263090890224086
-0.292588336918806
-0.310940678399647
-0.315184711597049
-0.274357832348924
-0.236496954977382
-0.233637664041198
-0.241812121662786
-0.253051075382556
-0.258386060475907
-0.266848017751583
-0.263450112011334
-0.287147802580007
-0.296884926442714
-0.307605076443942
-0.324252094699997
-0.32278591086276
-0.317222421533613
-0.313590394329106
-0.319918213488713
-0.334234511175351
-0.329563247998903
-0.32791392992586
-0.325291455132938
-0.32470140653501
-0.325148941708207
-0.324632362600433
-0.321120640936459
-0.322575596370974
-0.316958590794131
-0.313231609799093
-0.311372692609
-0.317431274642073
-0.315476539560461
-0.312578150256614
-0.308804846466249
-0.306210574449891
-0.302776795276131
-0.300463293460032
-0.299230233835865
-0.297037210940664
-0.294848855356353
-0.290650726196421
-0.284436386436572
-0.272198976574582
-0.272931162178416
-0.274632234316088
-0.274334802663037
-0.276082578632763
-0.277919003154056
-0.276888304890692
-0.274024170159399
-0.273302474353974
-0.279678138561946
-0.280105448062574
-0.27753895897863
-0.273934677679697
-0.270257293478709
-0.268474921592724
-0.268556069250205
-0.270468766842455
-0.277191385842237
-0.281770492254479
-0.27828139471562
-0.277799944449228
-0.277401815295447
-0.264153177617939
-0.248048544906312
-0.238049610389447
-0.231118532742424
-0.227216776365422
-0.204165441697707
-0.197407370089462
-0.182532185606825
-0.140711648620721
-0.0989718721624482
-0.0873346252775167
-0.0827800864443331
-0.0942677945737787
-0.109756953675107
-0.131206229885262
-0.13471280483534
-0.138885638337181
-0.138158344537834
-0.128431493840054
-0.12573976640379
-0.128114388518836
-0.124556418526343
-0.111048813877772
-0.108574858368761
-0.104117439066437
-0.0956602035802669
-0.0951997005538554
-0.0957406802776513
-0.0952876625437784
-0.100844991668288
-0.102417368500098
-0.103003500064155
-0.106599029686574
-0.11020004008992
-0.106801950239434
-0.0914005465888139
-0.0849956955481748
-0.0775896896924095
-0.0751853954098816
-0.0757853052486248
-0.0733919212562109
-0.0730072558946833
-0.0746324623465204
-0.0752691360847386
-0.0809184586877016
-0.0885822593903556
-0.0872662155309167
-0.0869787717098234
-0.0807294691624274
-0.0935271987181996
-0.109379688037866
-0.113275676904149
-0.125185721081389
-0.129080221282403
-0.126929227267857
-0.12470415345108
-0.126401283501461
-0.128040840316773
-0.124644071559006
-0.126231852957167
-0.133825391105613
-0.133443809742881
-0.131103958471357
-0.129822813562467
-0.127617475265294
-0.12850382598107
-0.133470213215175
-0.13947532120459
-0.138475732559463
-0.134428590650441
-0.13029199839517
-0.131050644424439
-0.131721333565728
-0.127322410052222
-0.124872540459025
-0.121390199409853
-0.121892152673762
-0.120393764499585
-0.121910373451184
-0.127457369590831
-0.144049280511539
-0.152694090824545
-0.154388343397559
-0.152128684319244
-0.150911376301194
-0.150732844001163
-0.15057930694355
-0.151424237990748
-0.152239510044911
-0.151997234426772
-0.149669673765935
-0.147251370865161
-0.145770073379923
-0.146256550807077
-0.145741385723321
-0.143254801004842
-0.139812535550717
-0.131407302800902
-0.127028477680302
-0.12866641930572
-0.131311196100619
-0.129945532597231
-0.128540783805786
-0.125067074675639
-0.123494095280658
-0.122792377516286
-0.12395675497811
-0.131028837206739
-0.132054994664085
-0.133081962115646
-0.128155575199223
-0.126309281589105
-0.12054998364788
-0.130881426672147
-0.139307487565562
-0.143831537731532
-0.141446863081752
-0.137123727915531
-0.132829939648373
-0.137532559922471
-0.154199131855585
-0.157808665857652
-0.161364976481327
-0.157875674365584
-0.151348288133408
-0.155790339834132
-0.157210490040168
-0.159619783817176
-0.179029965073054
-0.156452253194835
-0.140898139981739
-0.139375861610006
-0.147885526828739
-0.157425036957636
-0.153993370968372
-0.149588579767665
-0.148211964011423
-0.151870917882486
-0.159574507826423
-0.168331706828718
-0.179151668716741
-0.18403264662564
-0.182940648209798
-0.178835778585234
-0.179677542053148
-0.18142583971251
-0.180057342731525
-0.178604105566542
-0.178108704647964
-0.178614742559752
-0.180165105923864
-0.183790924097406
-0.184479927703713
-0.184210503798977
-0.183960635081479
-0.182709164481434
-0.181439153957332
-0.180154778601957
-0.177864903018937
-0.179578195354987
-0.1793036441914
-0.179047387327704
-0.173805250864566
-0.171570646724472
-0.167336736964677
-0.166096912524268
-0.167846054793737
-0.16958438213981
-0.168314514816807
-0.167038876687886
-0.166760036574702
-0.180482281390144
-0.180220128522016
-0.178991728864399
-0.176814268748406
-0.174705577281653
-0.173678702242507
-0.172723336934477
-0.172821692412878
-0.174955499205107
-0.177106943694882
-0.176259487220947
-0.176402560879995
-0.175529076168993
-0.1736308482554
-0.172700262603917
-0.175730665715248
-0.173721794740595
-0.165675611251858
-0.153593624954157
-0.150477740373776
-0.151331897680545
-0.15917044996014
-0.15701241692728
-0.155876946476423
-0.154782625741534
-0.154746503227471
-0.149770999297596
-0.135851019233236
-0.13398249227187
-0.134160733484723
-0.13538053494895
-0.131628198523342
-0.125886089727078
-0.122136719701832
-0.120362889506269
-0.119548516397912
-0.116690539175657
-0.112791631219865
-0.109855153580589
-0.109883990470725
-0.119881263883463
-0.118854202523858
-0.115810550373407
-0.113759217537824
-0.111708450365494
-0.109666560428113
-0.107640867687526
-0.105638128305685
-0.104665257877458
-0.109728643662141
-0.114834874303479
-0.11398645756155
-0.112183719595811
-0.111426694071529
-0.111715798031042
-0.111049941629208
-0.109417587265364
-0.109799809167794
-0.109177278841334
-0.111531352528982
-0.116843484502047
-0.115108766349068
-0.113330995699025
-0.111514182759971
-0.109662337739959
-0.107779978347218
-0.106878761792353
-0.104975925544686
-0.104088544619539
-0.104234077409318
-0.103428245601005
-0.101669032567411
-0.0999395659027016
-0.0982226445374375
-0.0965010674021771
-0.0967585612928397
-0.0979931160982432
-0.100215210274591
-0.100435930423532
-0.0996658348111414
-0.0999156179117064
-0.102191087766367
-0.102492274829383
-0.10182034580827
-0.1021752028384
-0.102557856283149
-0.100967071360036
-0.0994007189309567
-0.103856564329643
-0.106332195506401
-0.105825197039632
-0.106328111561814
-0.105827635849734
-0.105310719079911
-0.101764361927271
-0.0991751873487043
-0.0975409944564705
-0.097870252905548
-0.102171938335888
-0.103455201863514
-0.104729170296118
-0.104002390521245
-0.102283120480694
-0.0995794206925664
-0.0938990197963037
-0.0932505214279185
-0.0966387695548758
-0.0950665134075521
-0.0955358571646778
-0.0960488420624781
-0.0975361499115213
-0.0972034033381783
-0.0958164649235673
-0.0954245663029076
-0.0950060071198386
-0.0955394344184302
-0.0950155157207817
-0.0994435143540731
-0.0998337424807225
-0.0951964092663191
-0.0935420311139636
-0.0918813120539834
-0.0902255054815715
-0.0895858372014957
-0.0890534350685206
-0.0874002920397876
-0.0858692821134692
-0.0853721414063942
-0.0868987382065827
-0.0904392516998862
-0.0899840706912842
-0.087524619961417
-0.085054088215315
-0.0835659398980275
-0.0800536909530156
-0.0775111938411728
-0.0769378149040061
-0.0853448925948701
-0.0847449366189341
-0.0821498367930666
-0.0785725507852528
-0.0750133851495116
-0.0744503419256271
-0.0688584873746789
-0.0662126817640916
-0.0644878767736716
-0.0646741717175914
-0.0637949089139593
-0.0638766234656214
-0.0629470940667347
-0.0630328410927978
-0.0631577974582225
-0.0623362201041182
-0.0605817745992314
-0.0649078575761513
-0.0673277328295789
-0.0678446555212693
-0.0674354581252987
-0.0680736526871004
-0.0787320054787939
-0.0853842501722908
-0.0850121757140578
-0.0826227689728998
-0.0812264795561637
-0.0798340469881862
-0.0754561138839365
-0.0810998794529794
-0.0827625803325618
-0.0824394552882604
-0.0841260749643182
-0.0868176575025603
-0.087510533536955
-0.0872027659633359
-0.0868935697370516
-0.0855813510976295
-0.0862649416334715
-0.0869435901454012
-0.0866159407588079
-0.086281246063967
-0.0840060533960831
-0.0825872847864089
-0.0802260011076554
-0.0788532860506339
-0.0774676610346625
-0.0770675025205669
-0.0766513319291304
-0.0762192894209717
-0.0747765096368807
-0.0733300646367452
-0.071886860541122
-0.0704538034705684
-0.0690365892115454
-0.0676358494329832
-0.0662508915399691
-0.0648810229333199
-0.0635255510138539
-0.063183238678342
-0.0638510298897645
-0.0665247188614795
-0.0692005556287012
-0.0678746967665602
-0.0665433572040355
-0.0652035886896285
-0.0648526090694395
-0.0664878746630144
-0.0671066548697365
-0.0677062760962515
-0.0672867471478629
-0.0658476468533498
-0.0643891971581803
-0.0659114750493264
-0.0664907923030493
-0.0669115935349733
-0.0694106818049121
-0.0719251266228977
-0.0704669702763652
-0.0690461696041922
-0.0666606557047329
-0.0663034692162032
-0.0659682429057198
-0.0676478427862497
-0.0683363832092616
-0.0680341106845699
-0.0687435162581194
-0.0694668385244461
-0.0672062226180032
-0.0649637316680312
-0.0637345962842049
-0.0605117054343141
-0.060288310909375
-0.0590568863021632
-0.0578108529747365
-0.057546168247756
-0.0582604006665335
-0.0579505559343079
-0.0576141375723123
-0.0582497574773395
-0.058864823813503
-0.0604722599133307
-0.0630846203066544
-0.0627140341845629
-0.0643721426866901
-0.0640584076080715
-0.0637663053034059
-0.0644893241076083
-0.0652206204769286
-0.0659536282673989
-0.0666860017491486
-0.0674164617513129
-0.0701448005613527
-0.0688697213706622
-0.0675908970314567
-0.0673106292049277
-0.0670331457641549
-0.0667628667290465
-0.0655035693430177
-0.0642593788040822
-0.0650314453013978
-0.066819617640959
-0.0706233301870234
-0.0714417369236
-0.0712746267626487
-0.0711168768322827
-0.0719614055566176
-0.0738011478451983
-0.074628706728908
-0.0754369451590491
-0.0762242273095657
-0.0759927816134391
-0.0757447873855512
-0.0744824496899943
-0.0742079593814049
-0.0729231143072631
-0.0726290878293465
-0.0733269469713278
-0.0740179504454161
-0.0737034240539844
-0.0713856478315331
-0.0720683267862836
-0.0727547062740483
-0.0714484360085477
-0.0711527980855546
-0.0718689456330717
-0.0725952445250022
-0.0723303343101533
-0.0720729479974107
-0.0728213467468324
-0.0735715204531484
-0.0743170202025292
-0.0730509609616554
-0.0767667590582946
-0.0794579121249139
-0.0791234051787204
-0.0807675024747767
-0.0793948585465492
-0.0780101441399719
-0.0776178965498735
-0.0782217109032985
-0.0778238215549272
-0.0774262978451343
-0.0780312091142941
-0.0786407406900702
-0.0792560673183651
-0.0778772697517391
-0.0775043583180364
-0.0771371564249352
-0.0767758785520787
-0.0764198861309278
-0.0760679089556806
-0.0747189466841198
-0.0753717090570376
-0.0770251137360005
-0.0766795982612756
-0.0763377930629887
-0.0770024394292537
-0.0766763768766396
-0.0763625792263478
-0.0750633884577971
-0.0747809692448018
-0.0755172391426959
-0.0752742606653096
-0.0750542066809192
-0.0738571073190517
-0.0736804332966978
-0.0755211262983102
-0.0753766096138691
-0.0752438535976743
-0.0741186014519246
-0.0739944104366252
-0.0728647996505465
-0.0727231174847593
-0.0735626463477843
-0.0723793688127561
-0.0731735423234683
-0.0729460310336887
-0.0736974559102326
-0.0744286745956566
-0.0741427321209607
-0.074846630812909
-0.0745481324643578
-0.0742546622211289
-0.0739740517690022
-0.0767102135713835
-0.076460390550809
-0.0762206649512527
-0.0749871705150984
-0.0747560680570738
-0.0735248853588726
-0.0732936032318638
-0.0720624828729526
-0.0748318741707565
-0.0766022592312272
-0.0763749000508216
-0.079153218896584
-0.0789412801588654
-0.0787427343333635
-0.079561728232892
-0.080399306465345
-0.0832504915097205
-0.0831093403697487
-0.0819696411130015
-0.0828253500793954
-0.0826720010166468
-0.0825089141505677
-0.0823365256290876
-0.0821547947629766
-0.0819641571517109
-0.0817640636800794
-0.0805522047097795
-0.0793260309255281
-0.0790828738027507
-0.0778202833238566
-0.0775382216029574
-0.0762447104734691
-0.0769494807719975
-0.0766623405827707
-0.0753928798817651
-0.0741462113132985
-0.0729116612969469
-0.0726751519737054
-0.0714228229223128
-0.0701405964409276
-0.0698207330092002
-0.0684780741007858
-0.0701328099028684
-0.0688050209300837
-0.0685147781597319
-0.0672778214687642
-0.0670918850924225
-0.0659502446023053
-0.0658463624901782
-0.0657734418483937
-1.85520059092136
-1.90746125084863
-1.91411504934939
-1.95439534857368
-2.02014881400136
-2.03951015001175
-2.00386386617829
-1.97260531933841
-1.91489303935813
-1.97674983132945
-2.04208669428501
-2.11889309296229
-2.03632663644842
-2.55756819307871
-2.62289888234107
-2.61206783919162
-2.54511762328108
-2.41243057030915
-2.10440597235919
-1.86607843951603
-1.61786358906324
-1.35200074870457
-1.2118093493657
-1.01650579625285
-0.865167335956765
-0.725792333851762
-0.621549754663819
-0.495425318266078
-0.470482026952983
-0.4478097190103
-0.413660655162952
-0.376699339313607
-0.361702705535476
-0.350091368274476
-0.327245518066533
-0.311752242747691
-0.303120631276196
-0.309099361619957
-0.341972855104501
-0.376483033072013
-0.392675547918371
-0.396344831228657
-0.377812436891996
-0.368283825757838
-0.354731606351339
-0.351940564177057
-0.345649194540329
-0.329992394635585
-0.316223313079882
-0.312332899239198
-0.315577165314093
-0.3030314749275
-0.319666629186877
-0.301312260449735
-0.296353992629947
-0.305714354927332
-0.307844157629551
-0.310755811490917
-0.300240043849151
-0.291396935057106
-0.28976501554526
-0.25585231237102
-0.232459214254726
-0.210648014327192
-0.198492479410119
-0.180025326780843
-0.152835083098657
-0.129092415952567
-0.148587264672508
-0.131374583219194
-0.13272078222975
-0.129981545523977
-0.135028652868903
-0.13070807811191
-0.132057680532436
-0.129954140461376
-0.992213176970899
-0.993898741780982
-1.00074074005479
-1.00136822698555
-1.00526314697085
-1.00439240160207
-0.989374054921259
-0.982553047191613
-0.954725645455079
-0.948366410334506
-0.984014868020762
-1.14528218342151
-1.24115516914938
-1.8602275893299
-2.18449348436417
-2.13879589058702
-2.05564625926793
-1.91659460895904
-1.71354550391526
-1.55390084835017
-1.3702083200014
-1.09831290591764
-0.879717184475227
-0.763771504160791
-0.657644279721349
-0.547800048249356
-0.482073132521452
-0.411324209751567
-0.399108598366794
-0.360583786453771
-0.312097578233394
-0.264996528965515
-0.277291044086279
-0.29830471342588
-0.294900159994676
-0.33643440535909
-0.34739103455801
-0.389156684359704
-0.420406392099634
-0.417759609599893
-0.424484211739796
-0.425080534194411
-0.438296725629346
-0.442017776718575
-0.44222481263217
-0.439161504066867
-0.458013615005895
-0.429518118561536
-0.41070644134602
-0.401337140312648
-0.40177764387815
-0.391035470610441
-0.389446284909692
-0.372316284901339
-0.357438996255016
-0.36241885402318
-0.373014233176531
-0.373270563132336
-0.364502908557184
-0.361455185940537
-0.323762325523846
-0.275738013327878
-0.269815933970812
-0.262244866092922
-0.237354621095931
-0.249993787848942
-0.228417896531901
-0.200852998802609
-0.184362647707722
-0.178397598506338
-0.162054949468589
-0.1603360880014
-0.160813501627608
-0.158639123480509
-0.157571037812498
-0.154768235781053
-1.78622649410362
-1.78852154476929
-1.78681499742086
-1.78345555832391
-1.78081765911057
-1.78340869520735
-1.76734269189444
-1.75841566276193
-1.73042520140057
-1.71452529431116
-1.68629449729743
-1.75830888590942
-2.29881766337979
-2.71576651265653
-2.71279172119954
-2.59967279662257
-2.45616636112401
-2.29812589646982
-2.09494010533894
-1.96579283917189
-1.70186935541155
-1.36343748592828
-1.18148535001735
-1.00694765165821
-0.882528801038883
-0.783448443657612
-0.706204000967239
-0.58762933204825
-0.534749665883201
-0.529711424894135
-0.475008595560737
-0.432263659500009
-0.394768535863895
-0.412531363151709
-0.436534092803571
-0.4265859155231
-0.41718423606861
-0.409670063218766
-0.41627018460113
-0.414730336716899
-0.409667892704807
-0.391274509083646
-0.366600723403987
-0.368189859610216
-0.37655085276144
-0.366873920598094
-0.363621096563212
-0.361356046920977
-0.351228720301216
-0.340707741657317
-0.335414595046482
-0.321874616653822
-0.308763359559859
-0.297403813986049
-0.289058390938705
-0.275535284944444
-0.285807507401368
-0.27307345958077
-0.266060595433793
-0.272554004417664
-0.297906449705274
-0.26319153070753
-0.256957177632402
-0.241728231789089
-0.207473350660238
-0.171956121808908
-0.174824720630713
-0.172030185901873
-0.152485374849974
-0.145134814284117
-0.141385286752892
-0.143597957425367
-0.14037752492858
-0.137806936090815
-0.141026983965369
-2.23286466281417
-2.22917038996759
-2.23918946749493
-2.23785848216741
-2.25162797018326
-2.27142516109648
-2.26532688181734
-2.26873697226796
-2.30777373901395
-2.45166250734847
-2.54703241418271
-2.53426629645639
-2.41732520933687
-2.34871289439485
-2.32684675312366
-2.25942822530282
-2.17750479762416
-2.07829073035257
-1.94726169601208
-1.79820158902451
-1.65338690529664
-1.42157281106672
-1.23712852739428
-1.05814846978368
-0.948741939665519
-0.841479954908456
-0.746773589551919
-0.679444399179439
-0.654963030065827
-0.613938838784533
-0.568538337246989
-0.510524201987276
-0.500456259397555
-0.467677023433764
-0.436535908617719
-0.421375950089876
-0.410898950630261
-0.402645624979213
-0.404700212760502
-0.398592828989585
-0.379792657625133
-0.355370037536949
-0.356848095282908
-0.352747773433629
-0.335845375781201
-0.309326248003774
-0.296677885821813
-0.268703255455769
-0.25452853943723
-0.243934779110816
-0.244374744358438
-0.261299664623314
-0.227551820557041
-0.221056115910451
-0.20624813422639
-0.192185878038258
-0.222230066933359
-0.240500427498947
-0.252742083740692
-0.241393187124407
-0.176279717991383
-0.148751426559426
-0.138775732410723
-0.123505614599959
-0.126616879263985
-0.115481828058572
-0.105126532200371
-0.0773264003875642
-0.0601313892851265
-0.0587891495855919
-0.0582556824618878
-0.0655386586427533
-0.0614875430441184
-0.0640554680581351
-0.0665824767095193
-0.0692818777891087
-0.067351123849491
-1.94048121368073
-1.9295948409527
-1.92230339891745
-1.93742370166073
-1.92685026322667
-1.9138400185924
-1.81981766888457
-1.7955272186576
-1.93249979144452
-2.15192971386671
-2.1886533974439
-2.17570286435364
-2.32666408986587
-2.38266606409108
-2.27653854122097
-2.20247897207037
-2.11506018401502
-2.03313437826926
-1.90792932945302
-1.69671517219386
-1.6346771939752
-1.434278574116
-1.17106034033808
-1.0450861222163
-0.938644034008163
-0.842273725964716
-0.752788739871328
-0.645403064993758
-0.612304472223631
-0.572309852671441
-0.523812726486441
-0.489905225818818
-0.465387742389963
-0.444014666713044
-0.444603106790217
-0.399761165028871
-0.393883103810737
-0.393228311569919
-0.3669286545517
-0.356091629600758
-0.352454544466647
-0.3425244493546
-0.340006068995061
-0.335548961476243
-0.322157300389023
-0.297215215708602
-0.312844440798433
-0.286053717859335
-0.276138996386122
-0.253088615904553
-0.242595370343613
-0.232999221906196
-0.213399408198718
-0.208100197618125
-0.210471412921671
-0.222005986717428
-0.213660410075465
-0.211350441274411
-0.215981216316637
-0.200411381223288
-0.183094781152279
-0.152701350311543
-0.143140468313586
-0.100850369165343
-0.0818891076731112
-0.0666315763683141
-0.0670328693569413
-0.0715797842784052
-0.0756617735392
-0.0688415229829888
-0.0751402685543578
-0.0724401111521977
-0.0711732780749152
-0.0685548134015734
-0.0642487575129418
-0.0616243331233632
-0.438736036229601
-0.45181601772743
-0.407723258838797
-0.376411395504962
-0.369585953199999
-0.379403626484555
-0.375471276834615
-0.384605776171524
-0.372475760623953
-0.370600172221287
-1.39952476764697
-1.93192348965338
-1.96386402971768
-2.11273065724484
-2.12842623081407
-2.0032734704391
-1.92294023526007
-1.81409501101507
-1.76537479444418
-1.67197016284453
-1.62467192497885
-1.40281760069924
-1.18952331069914
-1.03916619357598
-0.879281031328733
-0.771270263425049
-0.655181029679391
-0.579564878749151
-0.520472453781383
-0.504971470280148
-0.442872679514205
-0.447257885082416
-0.237495110666999
-0.229040171721736
-0.23029266908236
-0.238167614044129
-0.243928771509387
-0.291256815009797
-0.204159267019823
-0.233384571118884
-0.244989573878653
-0.192660363367708
-0.184300403906571
-0.209683424680381
-0.209546747110653
-0.134202192329397
-0.13150879259064
-0.115982485371929
-0.124949790268829
-0.105126430711675
-0.113255641319978
-0.107411025934312
-0.0904024332325761
-0.0973236729229963
-0.114096950388819
-0.116514320685669
-0.107407279271452
-0.111113024108105
-0.116033471818289
-0.140551536539941
-0.125928023709081
-0.131414510636343
-0.0997965126166007
-0.117857158054079
-0.108964808615719
-0.0880343149931435
-0.09489246408444
-0.101505257629754
-0.100055317963097
-0.0997527476881115
-0.0937027487899795
-0.0926480332524584
-0.09259223913394
-0.0891207762186632
-0.0897218687701744
-0.0873852953743686
-0.086811272240235
-1.22253628228345
-1.22730869985315
-1.20334322008382
-1.14951770365608
-1.24046797434937
-1.11361467672884
-1.23353227338194
-0.370735881668693
0.0528236763257501
0.383483705082702
0.503099458524016
1.2736233771596
-0.332479807523878
-1.39032766326705
-1.53270391319605
-1.32320130200006
-1.31364069286244
-1.28710508686521
-1.3079876364612
-1.22116533809344
-1.19383453920248
-0.805568033302292
-0.937700530460381
-0.776542093523734
-0.491215419227367
-0.15662596901444
0.0151264697907769
-0.154435884362014
-0.336481921003491
-0.0993810106953865
-0.109277886406093
-0.0678676727522349
-0.12502464122582
-0.114646844880409
-0.103400749234702
-0.134570314015091
-0.0958425217824694
-0.140588538077142
-0.1208280748163
-0.113625319537407
-0.145688424286341
-0.127503974456731
-0.124194377688763
-0.125051742033291
-0.113031633490116
-0.1010949538157
-0.114183917311662
-0.107151773427211
-0.123105350064037
-0.104058816867864
-0.0763977393864912
-0.0950798149379812
-0.104885897518558
-0.159848800520149
-0.136646904834536
-0.0801672797221031
-0.0907295953111555
-0.129038683628923
-0.117028027750541
-0.12261612297497
-0.124113034780222
-0.131939245245699
-0.131548491734554
-0.127042718723888
-0.111321831660113
-0.107106922613598
-0.105009586337374
-0.101636210117474
-0.102190643271936
-0.0952199207064215
-0.0913401199950807
-0.0878104774571198
-0.0878210204490806
-0.0864111891550952
-0.0840974736534679
-0.0836704127684336
-0.11724283686078
-0.117075493580823
-0.118019349630689
-0.108532900058418
-0.103028533578802
-0.093442332510965
-0.0672455947605828
-0.0617485890165668
-0.034054340998237
-0.0325319017899472
-0.0152912440303705
0.0325005477534051
0.103047769917094
0.158195507065218
0.219244290163926
0.287403574615312
0.34052911693885
0.344103472139744
0.248662009516872
-0.166126957588866
-0.434782371862243
-0.395883147211713
-0.465960644152176
-1.43231734556473
-1.72266568049281
-1.65187362571702
-1.58703453723593
-1.4995225272938
-1.13507484860243
-0.867341504754521
-0.779187267927784
-0.596001743820459
-0.33639133816729
-0.241659937771264
-0.166586492428092
-0.26030777641018
-0.162331393662586
0.0570316989125024
0.36453864682676
-0.218032786130811
-0.127190752076661
0.0159655718136618
0.0290671514102696
0.0366661467596838
-0.0382214208171323
-0.106574044838848
-0.0849105314801033
-0.124440301629776
0.0257103491230777
0.00871865392056215
-0.0304206162293839
-0.00688474557440344
-0.0197130666295688
0.0114229652043716
0.0165059650788963
-0.019582475696585
0.000206166678907049
-0.043369817357271
-0.00952311600625722
-0.0148727436243421
-0.0281600953303656
-0.0273460806684009
-0.0300154353592585
-0.0333758444332712
-0.0286155374033377
-0.0235137919994295
-0.0167945585898526
-0.0246214728481142
-0.0140431749220382
-0.0203253268121519
-0.0170065270259279
