26.921170
-5.401454
-58.382466
-16.741446
-145.677497
-23.056011
-108.182062
-16.713199
71.431636
2.593279
70.487830
0.770049
16.482397
-3.064773
24.859010
-9.386825
-135.123403
-24.150314
-81.891185
-16.517559
-173.238512
-25.321517
-131.621800
-22.989915
-320.364948
-41.423525
-267.363793
-37.747476
-386.285163
-47.306560
-291.342896
-40.890503
-364.967848
-51.546035
-321.743085
-41.729903
-213.527983
-30.223606
-46.767782
-10.169512
1003.030392
87.479137
739.685500
60.609195
-557.986704
-56.758554
-803.026680
-75.563071
466.044891
41.151815
-971.184417
-90.302312
-1851.048048
-165.325399
-1883.589294
-179.182327
-2069.712185
-201.398158
1299.860575
126.376214
2194.534102
206.236910
1806.814392
147.312531
1813.533512
158.948266
2333.155837
229.695097
1543.260627
146.235887
2051.006998
181.609324
3092.781612
292.096270
2730.593419
238.994387
3024.003780
270.754317
2386.199786
211.291120
5065.235601
446.626362
5534.566886
515.108710
9239.315246
817.680022
11675.580902
1059.485403
15123.380874
1374.841169
12124.052482
1144.340717
17271.780147
1582.414150
22697.208935
2082.327463
24571.468084
2324.079035
26025.103200
2368.018634
30729.926467
2850.180894
28223.277749
2563.849402
25670.041562
2382.223695
19838.813533
1853.865155
29164.315856
2656.439540
31055.010484
2831.316673
30231.832895
2722.571060
29965.699011
2766.087222
25178.548167
2362.480841
28516.709373
2587.474971
36006.151215
3231.876450
35644.502530
3221.673492
31899.521828
2982.430392
31542.179743
2866.559334
29109.464647
2625.456447
21388.009820
2093.209795
19916.268364
1898.432979
27740.266630
2598.634955
24942.843747
2442.928569
30674.093806
2884.349141
39142.193534
3637.206250
45892.008024
4333.869812
44513.954024
4224.477837
44252.629111
4126.152985
36916.771309
3480.618464
40290.862373
3842.335055
36953.953787
3583.345099
45735.549064
4244.156332
36429.592069
3393.792536
51363.198352
4823.192987
44999.512937
4327.407037
55524.067979
5132.432662
56301.216321
5162.965485
40769.529733
3982.795764
49324.030552
4526.008437
51961.729195
4902.245042
52599.091600
4871.250886
61412.923189
5797.247183
59215.556359
5641.800768
67254.622830
6484.674231
70852.797952
6647.412771
61386.790057
5891.360782
78176.593230
7435.533226
74198.865236
7057.436581
87145.102555
8250.455017
87300.727934
8355.684307
91076.415055
8774.618308
95599.736146
9128.576000
101838.886162
9634.318504
110748.573932
10684.809456
124433.283834
11627.779365
121542.500192
11410.450532
125362.934500
11747.021260
135542.157658
12746.860967
123615.315515
11802.140410
118745.355014
11609.980498
117350.195166
11137.399276
121910.715800
11755.297785
112606.462411
10807.151197
105670.959339
10302.493583
101793.268483
10104.907385
86034.653936
8271.036502
80640.727262
7903.530738
94871.013052
8914.037527
86581.538069
8394.508888
95182.405342
9062.112945
83382.735932
8267.739348
89887.082239
8834.878262
99244.472329
9632.723479
106378.994951
10510.476442
90404.350439
8761.245452
81779.910526
8013.195009
79402.507336
7772.437791
58128.234151
5614.900559
45838.131455
4443.544532
42805.330597
4426.744078
33865.255890
3367.592360
40946.340666
4258.586403
41447.254092
4413.409123
44120.566340
4525.089778
40249.162097
4235.647752
23246.668766
2474.817078
27524.603574
2753.653595
34747.441799
3517.588459
28608.073452
3030.822118
22774.100956
2604.563884
18740.453936
2198.142115
21605.917558
2742.772018
17471.375138
2161.567301
16666.619257
1848.539797
8891.420181
1287.822328
6374.552778
996.176807
5179.324948
841.151884
1878.930408
620.352205
-5054.800320
-73.594955
-6568.458191
-210.863667
9918.768060
1362.295740
-730.489876
680.005767
10550.724395
1644.298001
3591.669473
1170.265388
-4652.931250
86.442391
-14778.976161
-779.074001
-19246.959161
-983.709997
-25751.629838
-1801.808935
-33011.638437
-2573.867532
-29490.829245
-2161.805185
-31819.617849
-2179.611706
-21128.029546
-1176.312394
-19614.839397
-954.929553
-19241.091240
-1074.646303
-26446.763310
-2067.173333
-43677.931353
-3507.090430
-38532.130067
-2922.163221
-37982.844220
-2885.383783
-40323.378064
-3042.767872
-44591.534029
-3565.121872
-43723.169850
-3295.199134
-47987.995842
-3609.894345
-38419.886441
-2640.928165
-33907.696392
-2084.844782
-38019.012333
-2537.675110
-36449.600011
-2442.132678
-35668.983406
-2381.541245
-30236.370061
-1656.849972
-28221.686904
-1306.925753
-23977.162982
-1051.681616
-34535.440491
-2190.415695
-38762.378151
-2590.980561
-35631.335744
-2407.233660
-41176.901929
-2932.906769
-32700.753050
-2098.177723
-30128.886401
-1844.468280
-28941.660133
-1603.506725
-35817.139937
-2289.689217
-37011.110985
-2370.718563
-32858.979505
-2157.055583
-37147.586517
-2526.420750
-31237.203766
-1783.229846
-32546.692617
-1648.190916
-36485.007029
-2319.839756
-38829.727169
-2393.148006
-39917.780360
-2522.168367
-39385.006520
-2635.878961
-33808.223002
-2066.773426
-32887.203500
-1783.081254
-34683.495871
-2140.944205
-33463.096568
-2052.567359
-36568.842231
-2396.579234
-36171.386483
-2353.571884
-32720.038037
-2014.135742
2655.557290
437.209423
3100.766598
465.232792
-2773.737598
43.733512
-4600.853594
-470.842412
-9234.532594
-727.772940
-6404.046903
-406.750277
-4063.541966
-410.902397
-8366.394060
-896.006793
-12540.642188
-1317.526932
-10980.674756
-1170.321214
-9988.586732
-952.631991
-7627.457073
-387.845950
-5859.866816
-229.023030
-8092.141701
-474.378150
-13942.847076
-1105.372217
-15160.688301
-1232.796214
-15605.534259
-1457.107604
-12935.594827
-1268.287533
-12429.804196
-1173.904254
-14246.521400
-1489.048357
-11896.892301
-1271.997610
-16089.410522
-1745.508210
-14777.442575
-1844.754535
-13066.527361
-1437.129016
-13408.950128
-1481.741599
-11633.328689
-1609.574637
-16286.178947
-1973.460230
-15987.113898
-2170.961883
-17725.613057
-2226.263282
-18497.953937
-2087.432251
-17137.836247
-2288.645294
-19390.211669
-2458.659698
-19250.646722
-2319.666329
-12406.301853
-1444.418193
-16194.586433
-1805.404311
-14656.604023
-1898.293206
-22759.012826
-2568.032763
-22319.868754
-2441.881279
-22196.953602
-2348.265547
-21243.487640
-2396.927172
-25836.576720
-2836.530332
-29095.415708
-3012.738879
-31814.792556
-3305.088888
-34893.768613
-3587.729713
-36701.020654
-3754.571607
-40420.941013
-3954.506504
-36649.221320
-3708.842063
-41096.116069
-4209.713745
-45285.101614
-4624.972101
-48975.818190
-4897.776786
-47278.460788
-4884.972226
-49783.181566
-5214.107126
-48553.376572
-5033.406459
-45888.984637
-5212.630710
-52106.925246
-5483.456040
-41246.815555
-4483.841197
-49975.135645
-5379.534984
-47717.132744
-4980.058113
-46654.909511
-4884.588584
-53508.417251
-5564.597603
-54690.112034
-5707.899257
-61674.661819
-6300.951661
-64205.123289
-6615.504760
-63524.051961
-6434.910854
-61140.379621
-6268.242826
-57472.721782
-5938.388277
-59019.877185
-5981.148416
-64534.840363
-6512.829552
-65676.865236
-6639.462309
-77241.965625
-7676.290116
-79412.142011
-7716.261149
-75955.710118
-7274.487984
-78113.892715
-7538.264391
-74174.472029
-7383.942458
-69084.020421
-7002.554505
-74617.435175
-7398.844257
-82877.984515
-8202.505114
-91090.665107
-8814.475901
-93253.969090
-9066.652527
-89229.383236
-8504.471558
-95498.213645
-9304.472424
-98536.230590
-9662.806166
-96873.854469
-9327.432979
-91308.526745
-8857.901696
-89492.283075
-8586.097902
-88016.698805
-8555.233806
-84903.189743
-8165.188071
-90786.207748
-8954.301689
-86904.481818
-8446.608362
-78879.059632
-7671.539528
-73810.007375
-7271.181992
-64481.217901
-6463.969345
-49684.034338
-5192.118136
-60334.751348
-6141.177667
-78543.556919
-7812.928851
-81169.620337
-7964.586915
-86129.039633
-8355.980111
-101172.556780
-9602.978091
-87059.643565
-8473.810393
-94940.995425
-8969.302127
-92978.119715
-8817.084374
-85353.882456
-8178.061322
-86315.612788
-8349.056482
-86107.246132
-8273.602741
-81635.986199
-7746.579253
-70276.509811
-6886.958457
-42716.868172
-4417.350603
-29226.803188
-3151.387289
-46623.683794
-4729.690180
-49977.823820
-5111.200141
-51441.625509
-5063.322049
-31551.966026
-3372.174231
-41802.223171
-4364.036010
-46509.159079
-4723.565126
-47245.259582
-4694.547177
-41418.305799
-4275.644947
-45777.063873
-4532.005720
-53120.295316
-5214.433651
-29644.114887
-3250.305502
-22852.776109
-2515.665740
-14123.555801
-1502.437271
-26825.900799
-2740.030990
-21236.146422
-2185.218781
-23659.879938
-2414.231497
-13644.657660
-1526.797434
-10825.452971
-1341.789198
-21279.041760
-2189.836140
-27895.901689
-2809.420201
-30972.833418
-2989.223063
-34940.270986
-3513.570225
-37907.017529
-3537.726148
-37290.585848
-3528.530696
-16125.810230
-1638.154823
-13274.421950
-1387.773505
-10314.402160
-1278.627575
7945.074466
414.080280
18730.308282
1421.652211
5291.347995
147.896616
5422.695477
181.362720
-3933.400829
-511.265162
5912.542078
575.732716
6586.524452
533.538841
6519.244868
541.560748
3204.658548
234.643437
2885.875163
156.958348
3812.037423
287.553128
2187.616004
163.798394
5711.656928
433.245007
2233.285715
102.102374
2221.932768
160.280142
-2239.963555
-238.097511
654.649697
55.839117
-1239.089410
-88.172212
5116.315058
417.421255
12817.148097
1049.410291
19955.297056
1702.720269
23629.728490
2055.751045
27912.246885
2450.401793
16002.793154
1410.693683
20670.608038
1789.739125
22387.104940
2229.966601
23796.776958
2354.578611
27695.074270
2709.958068
28050.790076
2762.080888
22662.434795
2281.851561
20929.681066
2058.678585
22473.339945
2231.481468
20390.690839
1997.258786
20132.665306
2021.210418
27048.071644
2666.025782
24796.847246
2410.856057
30069.511912
2904.372425
26361.481394
2579.305561
22717.444336
2248.089431
25353.548291
2513.717186
27055.534054
2617.815655
27476.224505
2654.342939
27465.637854
2667.995098
34299.513816
3235.225987
34678.771568
3326.443059
22412.856988
2409.025462
22962.697267
2441.700096
23762.088386
2520.839995
23090.084990
2442.547315
23335.179893
2474.158640
22069.275784
2345.391857
21279.694634
2263.530358
20959.260478
2240.606268
19863.309671
2126.678676
19112.344541
2047.319435
16360.694707
1768.908434
17355.915607
1891.974953
18295.054419
1933.762797
19275.385141
2010.121164
17918.019591
1904.963819
18233.114778
1944.177706
17640.609240
1889.868257
19138.018478
2016.938214
20039.591086
2111.224221
20819.233089
2152.443504
-5.173627
4.241692
186.035811
23.418215
154.309920
23.296742
49.459072
8.586619
-40.576153
-0.012746
16.404511
7.354499
-133.607098
-13.036624
-132.769234
-13.767977
-130.063970
-18.244700
-216.657161
-23.728071
118.612210
8.800677
-210.785871
-19.630292
-162.814966
-15.400665
-263.614198
-27.731974
-268.567619
-27.709278
-176.291392
-26.129749
-110.252200
-19.200207
-56.119633
-7.474350
-5.709609
-5.414235
63.562155
0.035891
1165.474583
92.416021
-358.380804
-41.369711
-569.912584
-44.550694
-388.823003
-22.505204
222.650043
25.618554
-1763.884228
-156.740135
-2399.997473
-206.252572
-1544.595840
-136.789781
-1804.777675
-162.326612
-2380.107163
-223.986933
-2825.311296
-264.236180
-3532.646665
-326.785894
-2130.513639
-199.668247
-2647.030662
-255.250214
-1851.118168
-174.424366
-2573.858195
-244.476188
-2124.567928
-189.770359
-2522.845770
-231.313412
-1683.370821
-165.205504
-3203.976175
-292.983954
-6879.308652
-578.563369
-3894.206282
-299.629374
-2391.506955
-186.087477
-3786.598252
-323.000452
-7815.341470
-658.852347
121.435094
23.078146
-2795.422426
-204.416537
-2924.756244
-207.706386
-594.417518
-47.528254
705.032813
47.342028
105.005972
71.864601
3264.427685
268.574962
4565.532313
383.964783
4962.847656
443.082341
6485.383756
616.880954
8756.923704
806.613373
10467.482096
980.310158
11553.008273
1016.217729
13308.054171
1233.894405
17353.756087
1614.892966
32871.383701
3002.931152
36950.639064
3475.597544
32797.902062
3000.296303
26508.809911
2444.363341
41061.065645
3946.524330
37161.717624
3492.799193
33498.935832
3146.565059
31405.150578
2958.525699
31405.734753
2891.429789
33552.382702
3084.304397
26813.974041
2546.011328
22806.943475
2204.969301
23852.371774
2248.076149
24699.841764
2316.133253
26049.195471
2471.946775
38002.883246
3570.262432
34283.100139
3262.505865
38591.170549
3742.757920
40260.477354
3794.300267
42462.807719
4055.443386
49267.784155
4661.434587
48641.256069
4564.292294
45078.766416
4228.377995
50461.974707
4841.719455
44442.067475
4151.717732
55910.293414
5336.380212
59152.842655
5470.488752
53454.464305
5020.231164
50181.264486
4677.690526
48397.423965
4620.068461
43688.687728
4108.977690
37332.226273
3607.857378
37551.682505
3753.249891
29957.739143
2829.692433
26301.976536
2342.200447
23843.552925
2185.656684
13220.655570
1225.299607
17338.820995
1489.963789
13290.443878
1369.374100
12211.918911
1019.182208
15957.246128
1239.062583
28013.350175
2317.018914
34700.232664
3021.655525
19104.148372
1694.182953
28405.968913
2634.715134
42033.548421
3809.659098
39619.293134
3510.381098
33465.911150
3178.461139
47647.409134
4528.305499
53521.153412
5016.920729
67454.083549
6598.240773
60660.453264
6126.200795
77864.424843
7812.267898
89383.881556
8757.264578
88678.656127
8871.504668
73077.498938
7233.182277
90668.889171
8931.744048
92585.038092
9186.560233
98285.862692
9643.712448
111993.483705
10991.518954
108951.627473
10578.236377
106044.904205
10489.494650
105860.287510
10482.565818
101358.912737
10191.279348
102580.283714
10479.173334
108752.702944
11214.621678
100421.182959
10308.530263
100741.144420
10520.986506
100715.538910
10386.900941
95555.242416
9849.556471
83993.937159
8929.370637
88066.342764
9219.121202
86749.364504
8906.283561
77579.116008
8261.947656
65416.462115
7079.626724
78262.376660
8504.784604
72130.343297
8122.135293
66869.174476
7489.667029
71674.757503
7918.774985
82233.858796
9063.875448
63721.459140
7252.551965
69484.349101
8049.819018
80757.867863
9052.650885
68437.631423
7675.032411
76087.729532
8840.854202
75192.822186
8480.338751
92560.495525
10069.877366
88153.658142
9621.313818
83306.011141
9090.270079
84593.185190
9068.249167
89484.369141
9524.842480
81939.159825
8837.135919
85818.981349
9161.006172
75209.648803
8166.502637
78699.140270
8411.917426
78697.225463
8405.564418
70667.599572
7637.536150
67124.661530
7531.902931
58421.725453
6391.242570
60689.358207
6847.524178
50382.553515
5643.801179
50876.807689
5736.491644
46906.658232
5493.517404
51828.115043
6030.114872
57887.354035
6603.869637
56658.378640
6493.398415
55342.317176
6501.728870
51929.397564
6118.092739
48889.824683
6236.389615
52217.119361
6470.163711
56509.869825
7056.767836
56475.075248
7152.975703
59241.073620
7215.192230
58516.553474
7375.680354
66174.941632
8115.031239
63408.280817
7855.889917
64316.492188
7661.648231
67204.287150
8013.390953
62836.579939
7465.073727
67688.384435
7939.573363
44467.021474
5549.593066
46749.387751
5907.763467
55639.601440
6737.300418
54073.840171
6374.537773
49530.747011
5775.334547
51341.237430
6146.681491
42937.372889
5246.604400
47632.372140
5620.468602
48505.299820
5786.857209
47884.319516
5694.992548
47047.351568
5537.132783
47991.073940
5452.322436
45264.716899
5319.267967
47626.840296
5615.468056
43541.822383
5300.651337
44223.045722
5333.872850
43891.229125
5080.396892
36004.347841
4493.449938
37897.507892
4704.864345
37947.939294
4611.304992
3399.525383
166.518773
-2677.268733
-98.246019
-5298.935140
-303.094004
-3532.290600
-169.196096
-7874.999375
-673.632022
-9266.368422
-601.927338
-9857.901425
-517.028639
-7334.264941
-648.903120
-10060.218516
-1371.373664
-11743.370470
-1307.738075
-9293.067502
-1122.868321
-6453.088654
-982.716282
-5507.330708
-794.190403
-4209.090347
-643.619319
-7086.324130
-829.338157
-1775.692004
-654.585576
-1403.905600
-641.481508
2184.400762
2.060449
2190.278296
-101.487662
1454.918030
-452.363259
-391.119521
-581.579625
-1019.436198
-393.291766
-2863.794140
-722.284072
-302.991706
-406.624300
-2901.542991
-579.366681
387.027758
-263.527657
282.822596
-329.168650
1442.296230
135.785867
6396.719997
379.386561
4310.823909
290.525962
3191.003652
63.911634
7498.847155
694.723298
12443.481591
849.660198
3828.534478
-264.121275
3866.575789
13.462075
4330.252744
109.555602
-657.229175
-334.277749
3896.870212
34.065767
7103.879081
463.330598
11811.181370
751.349381
3677.843518
228.133209
503.082653
-331.123433
-1885.700817
-672.104375
-25.690314
-247.565622
2980.275532
5.938304
617.679365
-463.825678
-1884.736546
-705.577700
-115.422275
-809.180220
3799.852333
-258.054837
1963.343683
-541.185376
5056.832522
-443.421392
8498.804092
-288.237449
7664.152685
-308.326778
13125.080299
-147.659427
7658.389577
-506.132552
10771.022967
-150.041594
5185.730382
-633.053481
7892.238909
-498.067727
8024.859762
-427.001707
10961.732482
-345.887336
9096.842737
-332.025724
13449.588123
156.603364
18466.445022
318.625672
22081.706572
747.822861
14160.154925
14.110281
12568.419985
32.575624
22229.645411
805.327450
27992.429075
1355.672879
23860.778648
919.786468
21448.624498
698.362900
14908.471775
132.211632
22507.608048
603.055759
14424.585258
-13.118659
19882.920124
797.910350
20132.222604
751.245249
19104.839980
665.483286
16549.207972
421.090359
11351.060300
5.250536
18384.174748
679.875208
19445.703541
773.216930
24280.630721
1352.351851
26555.045523
1670.527611
27555.801918
1762.262084
21393.550551
1044.715707
8393.785460
-29.805494
11949.556158
205.623995
945.927329
-689.550474
-5302.012365
-1326.677783
-5190.224625
-1063.295476
3407.018620
-254.782898
4831.196387
-194.833431
1990.395292
-638.489545
721.034776
-659.601015
6569.897320
-56.302003
17852.296192
1083.119918
28779.387323
1933.492739
30464.350984
2075.296950
35639.786285
2619.085642
30484.594580
2068.965910
31374.793571
2280.973922
33228.953335
2598.807588
26969.682116
2187.122670
19337.213900
1452.875606
21642.473353
1611.565104
20881.485904
1667.484116
11070.731504
722.107975
9740.349840
634.078117
11758.061200
650.621248
160.400074
-225.331379
5760.412057
238.758137
436.462111
-194.662105
-6361.009580
-802.211022
1255.836920
-294.072899
-2519.310465
-459.731974
521.195746
-155.286786
1159.802481
-122.779098
-10867.139988
-1018.090666
-8341.147026
-935.655540
-4160.824078
-642.671529
-6043.863923
-873.467842
741.980875
-39.636394
-2805.854131
-378.319252
626.823148
-145.326172
-12687.002130
-1250.763111
-12006.427602
-1233.663547
-15855.825156
-1563.599279
-16802.844665
-1723.692810
-25265.726467
-2482.142212
-35780.793473
-3430.761741
-35702.152494
-3391.988523
-35872.109218
-3341.361454
-35781.756300
-3335.370419
-37937.625581
-3479.727259
-31983.438030
-3025.893546
-34121.585756
-3089.222002
-38724.184449
-3487.665906
-39433.615187
-3632.545096
-29950.636558
-2805.561020
-34552.865295
-3125.776474
-32076.552640
-3030.582146
-26279.208511
-2422.783658
-37245.897031
-3347.415547
-36816.710617
-3285.404881
-36695.577779
-3343.908395
-48365.482435
-4443.662468
-41489.006672
-3718.960549
-42106.224778
-3847.797578
-48111.646135
-4468.663975
-54877.307023
-4960.078454
-50870.958613
-4590.390392
-48183.575429
-4424.354350
-47291.346463
-4283.942328
-46962.655970
-4376.959135
-40410.152103
-3602.471603
-38490.954010
-3437.540822
-37340.841658
-3400.327984
-35110.136577
-3141.447271
-33245.968058
-3029.387728
-32056.655262
-2963.056082
-28395.591397
-2467.451052
-18626.400179
-1649.712643
-20216.224265
-1808.121408
-20424.254638
-1796.336703
-18370.829569
-1657.576460
-18075.345581
-1604.518167
-20006.546845
-1760.093720
-21556.904183
-1961.919326
-21508.794282
-1986.374551
-24567.283578
-2183.047413
-25492.976791
-2296.027462
-27860.358553
-2496.278683
-33014.281125
-2966.796240
-36747.514966
-3334.189937
-39553.148420
-3559.883160
-45320.593029
-4103.977530
-44057.400136
-3954.011764
-41686.170192
-3715.744636
-44356.978635
-3946.834576
-47568.483739
-4266.263705
-52829.632664
-4708.745189
-23712.248839
-2180.666198
-24462.630217
-2248.359125
-23872.815957
-2195.347589
-24828.035839
-2275.470587
-23904.054505
-2174.520507
-22395.099607
-2034.588576
-23590.533150
-2149.086806
-25002.748874
-2257.637328
-26704.363592
-2390.485147
-26496.535934
-2391.290682
-28273.713970
-2550.282935
-29218.969227
-2651.161915
-30489.805959
-2743.439502
-31100.813176
-2783.131208
-31704.220968
-2861.405806
-32345.375813
-2911.447905
-33427.477925
-3021.446139
-34961.483278
-3171.221529
-34085.100589
-3068.405681
-34630.748758
-3104.503485
-24.937770
8.180397
117.494008
23.579057
105.975738
29.306289
161.965252
39.699709
1.834083
28.016081
-87.819531
18.273172
-159.560182
17.637201
-225.592032
7.697635
-289.420714
3.184936
-321.954248
3.443736
-272.621816
11.929458
-260.207790
9.634954
-535.783754
-10.124939
-434.232072
-0.641299
-503.986543
-10.522820
-419.864962
2.292085
-451.800590
-4.841818
-427.490989
-10.092604
-529.659460
-11.643206
-597.039805
-19.078727
-86.818551
12.153847
-255.173661
1.828446
-866.768245
-53.779049
-624.496315
-24.524964
-1354.865033
-94.172744
-983.793838
-64.010844
-1161.479811
-87.961711
-664.929493
-45.293672
-1413.617250
-107.502490
-1089.995843
-75.367184
-978.240312
-63.986385
-965.213289
-54.067545
-1596.441322
-125.522117
-1818.317228
-140.945794
-2660.034601
-213.339693
-2405.118137
-198.731125
-2202.660103
-175.948108
-2907.949873
-241.695472
-2264.157738
-195.380353
-1514.714970
-121.635741
-1681.751178
-133.451757
-717.702423
-72.835059
304.112813
33.617696
-1867.009560
-186.920787
-1828.606680
-164.934036
-2041.837511
-181.964286
-5464.159529
-521.171412
-5028.213600
-457.143328
-6584.444342
-610.482702
-7797.769752
-697.477115
-5325.677326
-499.489184
-3712.620908
-337.833424
-1114.702392
-98.390570
-618.150810
-42.118516
-3327.069659
-306.181627
-4330.631961
-387.099339
-1254.599238
-135.243420
-829.158764
-69.390590
-1264.661579
-120.752612
-2358.528844
-220.858698
-2784.314567
-299.408975
-5375.087023
-526.853373
-3652.308626
-341.072170
-3744.758432
-364.578715
-6580.192142
-626.189726
-2160.671038
-181.586304
-740.023896
-25.304505
-3586.841603
-334.739227
-5345.179046
-510.845977
-8671.858912
-834.874079
-7708.394742
-695.009901
-9476.186384
-933.861607
-9812.620810
-981.138198
-12394.162203
-1181.702593
-12939.604684
-1212.566503
-12108.285988
-1152.398805
-5879.913597
-545.498698
-1722.075169
-192.461687
377.156447
31.116525
4405.045597
415.743915
2665.004662
229.361754
3407.669807
338.345707
726.953167
109.383013
-4946.880764
-461.484234
-10819.728676
-986.245057
-3136.651635
-233.532631
-3846.376871
-389.265688
-2618.778083
-274.902315
-12732.129968
-1120.684776
-20909.976183
-1949.567676
-19732.504163
-1820.068058
-15637.538404
-1467.970655
-15778.824368
-1579.100782
-16346.374565
-1574.468041
-13038.756731
-1234.889784
-13448.699094
-1287.965241
-13347.792437
-1289.048868
-13320.062740
-1287.066027
-8751.015001
-769.113160
-3251.364189
-242.714307
-3595.395228
-264.713735
-8065.918612
-696.696152
-9565.248167
-727.805246
-17779.681022
-1646.693036
-12714.104983
-837.948790
-13835.500010
-1116.905212
-13826.132703
-1075.284858
-6501.689277
-402.073922
-8531.418946
-517.616504
-12715.081823
-1082.013360
-11795.206122
-916.119589
-11765.249537
-984.340999
-9160.066907
-802.557604
-13477.328538
-1214.429140
-21145.927399
-1926.841172
-21833.373048
-1876.054828
-21033.231441
-1740.060966
-24432.244293
-2149.214893
-28225.830652
-2552.842482
-28251.797850
-2594.745904
-29501.378273
-2614.142215
-30080.341402
-2674.954132
-25199.004669
-2185.002427
-25917.983333
-2215.799379
-25728.444125
-2267.231004
-26691.753451
-2210.530017
-23515.104992
-1967.190991
-24264.028014
-1823.628829
-15318.066191
-1073.892480
-27145.074467
-2325.945725
-26666.512889
-2091.600450
-22581.486304
-1644.295780
-21288.826100
-1525.279775
-21657.154423
-1662.749261
-20662.664804
-1450.265850
-20258.253290
-1470.230753
-16607.786173
-1209.130577
-13345.167801
-881.414422
-13578.470027
-833.027591
-12299.760047
-805.381840
-2352.175653
263.928281
-7591.002077
-438.789962
-12706.777513
-1022.375773
-17217.539863
-1115.672841
-19852.661936
-1543.466983
-24432.961450
-2342.363259
-23702.386583
-2388.373487
-24634.885432
-2442.399699
-22999.046881
-2094.849517
-21504.142608
-1842.909354
-14984.738804
-1310.013000
-8164.669676
-639.239452
-14198.864878
-1773.504073
-12548.299328
-1317.920097
-14206.537946
-1418.403879
-20362.681665
-2188.882671
-22481.047012
-2272.806656
-23237.304615
-2376.238647
-28046.121071
-2746.012224
-23883.704034
-2304.508124
-21791.139477
-2166.957545
-19044.486183
-1741.715096
-16331.062511
-1528.259665
-15627.707780
-1295.992598
-13031.831359
-1036.526901
-16803.336641
-1362.877356
-15544.192821
-1426.979819
-13203.506208
-1332.460011
-13555.191708
-1276.129789
-11037.759206
-904.594630
-8949.977846
-691.557325
-9080.437294
-978.145359
-6788.177059
-310.423231
-6382.041133
-400.563314
-7242.341152
-369.322197
-8292.461956
-842.324336
-9484.916982
-764.522670
-14924.350934
-1112.065780
-14563.147393
-1139.800417
-10815.894887
-777.475479
-6491.260610
-291.835147
-8909.506795
-589.537626
-2255.157227
64.585727
-1262.324605
309.051669
-543.655653
325.235640
-3134.543974
249.899759
-3918.826928
231.977325
-1936.891522
615.342378
-5062.607676
221.473884
-4911.090540
591.451832
-2933.303220
570.781111
-4657.412537
209.396466
-2825.381323
406.111191
-1637.775789
535.561876
425.269393
910.923559
928.871713
859.296633
3581.873410
1190.718600
5079.903720
1181.916204
4139.169565
1096.884282
3962.527873
1239.197229
-2341.576640
-373.324921
-4893.002946
-544.585223
-1375.320467
-60.943901
-1210.818478
-97.020489
204.445417
-55.451014
-840.907710
-97.732780
-2905.609765
-422.776956
-1741.689848
-21.096333
-3799.750499
-474.537875
-2856.341366
-411.308890
3281.330640
355.069363
-585.146393
-135.967128
705.754546
88.393558
-1006.549346
-393.953675
-1987.931650
-525.097639
-1169.657498
-297.827549
-4760.874501
-889.799653
-4050.987882
-613.740929
-4039.268091
-978.410947
-3244.021548
-876.287688
-4435.773204
-1139.018084
-5462.782916
-1185.516913
-4797.629083
-896.077524
-2099.939594
-605.586040
1614.800850
-355.621041
3703.285787
-392.015273
4600.580301
-202.673316
4204.446711
-215.594867
2447.956313
-200.675815
8440.164686
429.859839
7520.588577
256.497269
7716.264644
326.782953
4139.868294
1.119359
5714.319815
355.593457
9788.641351
493.305195
11056.373410
640.755075
8032.265802
386.648576
3600.297833
-148.507262
2618.825180
-113.193883
4609.842640
90.362069
47.585128
-263.873134
-121.677582
-207.588727
1621.405994
177.513406
-3223.228053
-62.940409
-4525.236583
-398.031688
-2043.253447
-90.955625
-7577.313571
-647.024040
-8046.356057
-827.993405
-5967.759641
-767.668818
-4418.402716
-802.716635
-3924.919676
-794.707229
403.447467
-499.279248
1629.200473
-464.052446
-2496.139067
-985.308931
-11.109067
-616.135505
4154.061193
9.959300
1705.480846
-237.134521
708.112484
-110.172412
-968.731615
-421.401579
1587.598560
-129.504576
1606.161273
-241.100694
-372.214029
-364.363221
-847.924855
-486.474754
-1075.312532
-558.760699
-10021.117831
-1320.770606
-6198.066892
-1011.205422
-2496.580073
-643.524712
-2824.800267
-719.419117
-1204.354984
-666.803764
-2702.339139
-801.027717
-2782.775182
-684.763354
-2969.820379
-564.795165
6247.592040
356.713262
5108.316071
25.711574
4124.799810
251.976043
10331.061577
472.792200
5037.791603
93.421935
7269.304432
312.444018
2802.105976
-51.296739
3388.342524
-134.282653
1176.013681
-390.595034
-5753.433057
-886.670955
4270.492871
-100.419478
5785.055878
41.757035
3828.564359
-70.112604
10751.859822
579.311573
5215.480816
235.413722
12464.864028
834.218105
14483.906844
1093.866667
21227.980676
1626.126889
22857.900061
1812.136801
28798.926525
2338.501912
29011.854866
2164.994833
25915.602744
1900.802198
31793.669408
2491.743724
30627.328298
2307.926509
32172.523421
2465.131853
27542.963953
2126.825041
27983.591070
2075.146354
27459.153649
2153.531761
23404.764986
1897.534559
15955.903066
1212.338994
12737.511289
931.880981
14453.279972
1160.027774
20410.391225
1670.247929
25133.924057
2153.505383
10935.364264
821.206088
7970.669986
528.098797
11169.478208
785.980294
11070.603622
858.244564
4259.614964
180.782134
-118.151959
-183.716631
6186.321596
404.192490
2145.966837
-29.059944
3357.952081
-19.224206
4680.795733
156.305685
-4804.565275
-660.325791
-19198.013976
-1829.961502
-12963.991171
-1312.278866
834.391214
-176.256190
-7963.951719
-783.406660
-13269.954460
-1254.304326
-13609.170828
-1250.006300
-13113.379139
-1271.285709
-17149.826269
-1642.868254
-22863.135200
-2142.378191
-26148.841784
-2415.864904
-26628.392967
-2520.371322
-32588.251868
-2979.402061
-30720.840409
-2769.433370
-30085.680937
-2739.282819
-30759.951772
-2842.371415
-35630.246754
-3245.542516
-39146.599609
-3535.921741
-42158.510600
-3801.168822
-39126.500691
-3571.355159
-42941.965208
-3896.528398
-44099.957213
-3867.049409
-41138.246284
-3761.747367
-41454.764350
-3694.562179
-35710.649292
-3220.634494
-39233.035548
-3585.979380
-41270.476093
-3769.538922
-41607.521668
-3804.920674
-43598.015574
-3955.454219
-40645.912402
-3695.052695
-39201.597006
-3580.477748
-37929.370848
-3398.689998
-42440.778524
-3836.789550
-42460.938045
-3799.891587
-44841.127908
-4013.833239
-44196.235766
-4008.977975
-45408.871057
-4087.652166
-39582.052294
-3570.304479
-44064.206829
-3942.999423
-43547.944694
-3892.248219
-42305.601667
-3807.165842
-45190.543431
-4049.039706
-44623.547239
-3981.773386
-37777.135585
-3384.131816
-24375.970297
-2226.962013
-25773.746995
-2356.253046
-27703.242030
-2524.114371
-27683.527198
-2559.900278
-28717.789476
-2640.665452
-29089.339419
-2654.729796
-29322.594242
-2674.221343
-28540.309483
-2601.149517
-27138.075221
-2476.975574
-24656.550951
-2224.788748
-23875.160185
-2168.999608
-27918.329279
-2527.233170
-29473.997553
-2654.497595
-30827.800443
-2786.235297
-32382.689352
-2915.623019
-31559.737999
-2858.752236
-27778.297227
-2487.214230
-29781.199215
-2660.568547
-30978.543736
-2757.420298
-29843.181064
-2664.124707
-10762.266120
-1005.980826
-11083.012755
-1040.327329
-11169.967712
-1046.786190
-11076.954463
-1040.093471
-11029.315685
-1022.032340
-10602.866094
-985.674999
-10615.796387
-987.795656
-10939.502051
-1022.650255
-11344.399543
-1054.028962
-12226.385733
-1126.669388
-11943.804255
-1083.643098
-12345.815732
-1134.269883
-13052.640216
-1196.378866
-14354.185876
-1327.504777
-14039.352795
-1279.006693
-13386.815726
-1214.134658
-14285.735185
-1289.165348
-15118.796774
-1361.153654
-14608.850034
-1300.063779
-13988.597881
-1219.725342
-37.748261
-7.718286
-95.714937
-10.442289
-22.693988
2.690160
-148.021425
-16.569761
-289.655336
-29.988025
-490.803834
-55.621305
-516.227844
-60.654542
-476.405987
-42.953485
-475.865229
-45.108439
-369.160492
-40.155413
-317.406267
-30.116042
-362.425850
-34.465404
-281.927083
-23.478897
-296.539553
-19.503735
-311.418933
-22.700953
-131.359888
-1.326345
39.567449
18.420142
-41.430192
11.058834
49.407804
26.816414
188.706400
36.129142
202.344041
29.294312
206.668351
26.537900
-54.374949
4.022795
-4.573759
19.741534
-152.386531
3.853879
-136.245470
4.710619
96.227342
21.575945
-132.603536
8.503925
-400.260614
-12.487716
-419.108405
-18.545887
-299.029971
-8.479619
-611.824372
-44.184451
-456.842081
-22.270893
-153.949328
2.739786
114.820880
20.577460
87.029711
20.991956
2.312981
13.077198
127.202554
33.787029
82.237104
26.608180
419.844022
52.248116
525.162109
46.167034
595.860863
52.741613
354.319353
33.795424
498.952311
41.331703
340.644746
34.163069
506.516433
48.994014
253.694125
26.071842
-189.505891
-17.390419
-611.063320
-53.953542
-259.494865
-18.478483
-55.071784
-0.579879
-9.521539
-0.677215
95.522196
9.005916
259.653879
29.235903
-70.984246
-1.148577
17.014171
5.456587
84.493743
6.400953
-170.341780
-11.950243
-322.082133
-28.275975
-550.735865
-46.655108
-1293.255258
-140.270048
-1409.237119
-143.401193
-1636.408569
-163.388558
-1495.179531
-146.022523
230.110003
14.331530
-107.220830
-30.442967
-1131.167556
-129.048974
-2221.587438
-230.735999
-2386.095583
-240.837957
-1852.345896
-198.704384
-1152.710343
-121.629522
-1616.332491
-169.916553
-2110.230705
-207.167707
-2807.413518
-286.049250
-2667.776000
-272.819916
-2256.921124
-230.295586
-1913.525307
-202.776056
-2565.827227
-275.077721
-2747.438947
-284.576104
-2287.310381
-235.472305
-3752.487842
-422.813272
-3666.046865
-406.119009
-3692.360444
-441.619452
-4298.840418
-472.924885
-5229.037956
-532.173433
-5031.742263
-533.547229
-5090.730387
-558.241919
-5694.333235
-605.633289
-3611.070725
-407.728344
-3882.424726
-439.356821
-3702.591117
-449.788426
-4171.384448
-458.932270
-3913.491312
-503.568360
-3858.403754
-454.691986
-3916.980514
-454.509672
-3215.891598
-388.072040
-3813.363414
-423.337900
-3593.383700
-376.055185
-3274.046110
-383.263437
-2636.308879
-313.677396
-1009.838679
-211.160396
-1898.103531
-335.446907
-2194.236264
-358.037388
-2242.804522
-393.291180
-2034.936507
-380.561700
-1076.591911
-338.353235
50.369968
-156.012943
-86.248988
-154.909939
124.609971
-67.047674
1519.184988
97.802314
1275.495445
-47.197298
140.495245
-192.586423
-385.421749
-250.935340
-481.195888
-319.113525
-38.774521
-193.581442
-788.559376
-238.238291
-360.447558
-252.348003
-200.148593
-207.710113
570.955945
-148.637653
177.272687
-259.051745
-1752.152097
-555.781056
-2513.971901
-628.903166
-4758.353624
-853.353653
-3947.220438
-676.256304
-4828.180007
-842.208829
-4492.248238
-720.897775
-1416.099808
-300.047757
-460.308596
-292.088672
2141.336546
-89.529065
2193.268705
-14.337867
2261.209619
-60.911389
140.241011
-155.287913
555.402535
-32.125407
829.920551
139.026382
592.063036
115.656913
1735.155277
248.494683
313.635916
84.944426
1212.906132
155.191201
1738.938261
173.492210
1607.998608
97.145184
-321.830608
-17.476092
-585.640405
88.129691
-1540.870959
-135.988135
-1034.943942
-80.824369
-3480.884085
-276.083467
-3683.813105
-353.318432
-5525.440116
-389.373630
-7856.096418
-582.289014
-8891.956070
-689.747860
-9833.192221
-685.829336
-9399.465716
-758.186882
-10444.863100
-765.947097
-9378.413675
-506.580418
-6839.869429
-211.017644
-7233.234064
-151.272070
-10950.215455
-684.024214
-13540.235060
-1039.578722
-11976.005873
-891.803719
-12004.700164
-861.009004
-9730.122716
-728.781852
-11665.026407
-748.860672
-7335.176564
-215.926290
-6958.414253
-256.001721
-7287.848657
-440.773794
-7525.770615
-302.652251
-10364.488253
-581.152199
-8332.422172
-487.358790
-5938.558501
-153.179394
-8769.053834
-497.750774
-10025.195209
-589.009250
-8052.418291
-432.315490
-4085.858498
202.525903
-3459.732585
336.254915
-409.247134
531.933541
-282.511035
527.603050
319.339628
612.468806
2489.520577
591.413655
481.127261
376.637111
-1927.633096
246.020409
-3344.833503
-24.988603
-3642.427326
82.076446
-3267.624040
446.352997
-3073.333282
336.136733
-5558.251716
47.494428
-2258.925672
464.012357
-4884.668318
138.307209
-7618.921345
-112.064464
-11442.070046
-476.482186
-13443.183149
-1181.554951
-18765.983118
-1537.469496
-18201.868776
-1508.458112
-15942.614894
-1476.990745
-14588.143750
-1106.821131
-12739.848808
-1132.451841
-12017.831976
-1155.563004
-11841.269001
-1210.715877
-13459.465441
-1260.648480
-14554.038506
-1936.222738
-15389.148995
-1909.945041
-15095.795963
-2172.263481
6923.690119
1025.262226
6422.569316
994.889610
8336.269719
1151.215489
4113.927220
715.243345
2651.167973
835.080362
5781.449652
1189.308701
2933.972579
752.586711
7552.820741
1416.920474
8838.785309
1360.138175
7989.421706
1344.738822
4122.218501
1014.894176
6011.549680
1396.895503
3448.638518
1322.911069
4145.712176
1785.715676
1096.956858
1026.852209
-80.613148
1004.543113
-2026.833593
1089.314222
-4379.302259
729.064086
-6180.174521
433.439510
-8085.166969
449.156717
-5093.960457
697.226109
-4846.296218
712.562845
-7385.542014
622.226819
-5487.836182
907.073881
-6084.037007
703.891206
-5120.898820
679.266852
-902.399708
1149.534202
546.227885
1391.271632
-2073.951806
1513.477920
-3407.780420
1459.557849
-6483.855303
990.375153
-6481.517051
1076.993873
-9317.522549
779.072233
-11246.282419
592.661240
-11219.334470
852.985288
-5442.295526
1354.969936
-10491.949977
1048.979538
-6642.151472
1664.952071
-8697.202220
1369.843721
-8266.643132
1215.777413
-8826.503184
1215.553698
-8514.188053
1318.016284
-6789.080529
1606.415009
-9182.949573
1541.298965
-10746.851082
1394.296252
-4190.685041
2108.155983
-7067.532449
1979.889784
-8705.968247
1631.331111
-8596.190894
1669.445489
-8834.003927
1672.193680
-8344.918401
1738.381859
-10237.783769
1599.629081
-7072.494597
1994.727944
-8361.551990
2006.444474
-8189.201810
1845.658619
-7792.353348
2030.338623
-9022.957759
1810.920591
-12322.806475
1519.889710
-11916.695747
1301.552920
-16159.109286
806.960373
-14443.545582
542.967558
-15809.814834
486.084262
-14180.921676
633.985983
-14221.832745
771.666294
-15145.748752
481.894050
-16718.227574
131.224846
-15053.755959
425.609498
-15971.065969
66.634934
-20751.676704
-305.149316
-21493.781419
-313.568518
-25432.547239
-677.641479
-27092.469988
-785.429742
-26893.367480
-704.880903
-24950.860966
-667.219684
-26596.431520
-755.909337
-24631.323627
-663.697349
-27566.772603
-738.613687
-24945.966792
-468.060487
-23600.726998
-435.422933
-24009.363656
-259.018990
-20024.007794
-75.391206
-17381.647881
184.683792
-14002.373605
691.827021
-14690.406566
568.666939
-14965.587918
775.817114
-11004.510255
1182.003152
-11317.358698
1046.116620
-12642.607051
1002.390117
-14389.720905
873.694295
-12253.372173
1138.152865
-9695.187119
1509.572362
-10993.008297
1490.280544
-11178.688855
1457.700912
-16160.862173
1066.958243
-15301.400366
1128.670138
-14912.803503
1211.314687
-15974.927746
1134.884440
-18052.592026
721.490703
-13271.945783
1270.031747
-10492.980662
1598.275961
-6244.750612
1433.715062
-6449.551835
1381.845040
-8179.507766
1232.528638
-9835.981016
1056.614430
-9162.408405
1155.610084
-6544.362591
1402.507164
-6425.414391
1481.009899
-7795.399480
1294.661996
-8380.008250
1308.759081
-8384.098434
1217.421501
-9637.223350
1089.820447
-10326.650051
1000.616380
-8842.097587
1172.653279
-10328.804800
919.253231
-9412.469423
1003.394180
-11231.797839
738.979894
-9298.989075
930.435942
-9188.834396
779.757549
-11807.687094
525.103652
-11659.675866
593.818350
-6957.563196
450.144986
-5113.438363
640.600455
-6364.942495
516.672876
-5292.329808
710.940253
-4706.965660
764.190730
-4051.152669
829.063174
-2959.768795
928.755269
-3082.603863
928.985371
-3594.915971
879.997213
-3353.198542
932.489240
-3653.824739
888.778627
-1750.175396
1085.928217
-1271.631920
1136.662291
-2330.401082
1082.533770
-1346.288838
1135.268240
-3130.930736
961.357635
-3972.024214
905.249193
-6269.744525
655.674797
-8459.987940
430.596125
-8012.638489
530.775350
-4876.957283
105.903721
-5030.247274
105.070096
-5096.499389
114.241534
-5001.204309
120.128314
-5622.185396
78.877968
-4595.437759
179.749482
-5186.172606
136.537166
-5572.756984
113.690581
-5327.731543
159.985101
-5314.656166
152.070963
-5353.792303
154.028553
-5545.810635
148.044350
-4726.383824
214.012217
-5339.913255
160.141207
-5328.259027
132.404694
-5513.992543
115.433835
-4956.147679
166.892686
-4080.536902
246.555594
-3477.647245
273.175361
-3803.816332
229.215677
-448.891606
-163.844070
-454.298691
-155.766969
-588.028127
-159.773129
-909.423590
-187.452008
-924.378183
-182.277338
-989.696579
-177.410588
-1173.254957
-191.351353
-1223.620934
-188.918596
-1376.814029
-203.719490
-1353.309421
-200.899363
-1751.475938
-234.084322
-1439.171366
-205.111801
-1178.139102
-185.237626
-931.136504
-163.117532
-267.485528
-108.505116
120.697061
-70.354895
-14.060152
-90.477821
61.132363
-86.009816
-181.338441
-116.041056
-391.181374
-136.897877
2375.620699
-453.637015
2439.217030
-445.324531
2472.283261
-450.677603
2403.305313
-460.759752
2592.414914
-426.513506
2775.261247
-415.082886
2628.083091
-429.761522
2665.584888
-425.264198
2697.455649
-426.084535
2789.456424
-416.005042
2929.202955
-394.823896
3106.904110
-377.301694
2932.107202
-399.026713
3098.911477
-387.829655
3135.421591
-393.407555
3143.447078
-398.910995
3485.722188
-359.329808
3157.389501
-411.596255
3253.057542
-397.904125
3270.495850
-393.866694
-116.390885
-4.194525
0.690724
16.842300
-121.111728
-0.602434
-214.750479
0.476727
-324.182115
-6.992351
-399.203464
-10.960149
-135.971644
4.376639
-19.297554
8.509950
93.012008
14.077485
31.135119
19.070970
55.308879
16.068993
-167.513553
-12.527681
-198.174687
-12.181794
-234.787419
-23.628346
-186.622876
-21.457931
-276.787449
-30.509676
-313.107526
-31.783987
-355.324645
-42.595576
-269.353387
-46.054819
-271.685267
-49.680640
-299.185398
-57.145270
-397.263551
-73.371685
-417.563088
-66.449527
-288.971704
-61.173929
-351.107894
-53.316820
-232.189669
-39.114521
-261.588903
-41.179123
-126.842284
-19.335818
-0.419878
-5.663394
78.764371
2.803196
14.082519
-1.483277
47.787909
-4.459067
171.532272
18.037075
186.107511
16.406829
266.912017
38.117565
306.338848
37.574035
349.605984
44.005674
421.540936
44.418473
392.850543
40.668084
435.146556
42.270059
309.515542
34.686181
302.905081
35.272502
223.063715
26.554634
206.621891
26.929614
150.702508
20.151256
53.921821
8.459289
57.652179
7.166520
68.270627
13.087828
44.995454
10.133765
63.642174
13.004058
24.721893
8.570839
72.439086
11.681696
84.262361
15.379411
51.183946
13.476541
75.799539
12.645115
111.555976
14.268184
78.859748
13.929569
88.683377
15.268854
72.140177
11.540511
42.282121
10.170288
-280.661972
-28.827244
-317.783741
-36.039311
-318.008685
-33.658828
-152.445275
-19.724921
-122.952737
-17.279195
-24.514611
-4.838068
216.231306
13.170901
152.346451
6.444286
107.036514
2.894288
-33.139270
-8.317261
-187.252924
-22.268244
-129.220751
-17.515256
-43.587026
-7.014752
42.528051
-0.893524
44.264771
-1.175213
104.478270
3.896585
195.235813
12.386309
265.384351
18.096474
110.512004
5.403914
100.702464
2.936862
-404.292767
-61.410805
-198.739759
-46.275906
-273.135477
-68.089680
-167.403929
-48.830098
-448.402982
-111.877907
-455.883689
-107.301771
-243.792120
-77.300692
-664.326278
-108.918470
-1035.053327
-136.770787
-1130.453795
-155.736623
-1415.134906
-198.608504
-1023.674686
-170.702008
-854.446039
-153.192345
-1028.632073
-157.139653
-163.584810
-65.794946
237.235281
-43.887671
-66.311127
-63.588791
-245.747831
-91.316093
-228.184428
-102.872992
-401.294884
-123.420012
173.344785
-142.618424
379.774735
-107.107731
646.545160
-68.383431
-113.759323
-218.776956
117.772219
-178.852603
-377.159287
-222.801158
-1110.835931
-341.185188
-1709.440956
-320.957100
-613.707127
-220.858805
926.626406
-29.129734
-52.915279
-157.555161
-97.951114
-129.872069
871.657228
-8.023458
2003.289948
54.697989
2417.642631
78.556398
3604.811007
186.193047
3754.137337
206.470971
4102.634992
254.844837
4359.032853
324.032390
2790.292600
233.801034
2958.091086
205.020121
3220.512881
198.582423
4160.600864
186.186326
4093.171976
261.380363
4550.957153
231.668343
3319.412441
169.813943
2839.309909
53.051310
2385.167293
69.910560
1851.835084
-0.691694
1379.852843
-148.246236
1126.252534
-174.277863
2563.545030
-34.438471
3830.008370
86.992947
3757.718560
22.617497
3473.063336
-143.432070
4409.550868
150.059309
5160.056392
152.315823
4414.992275
104.604326
4671.397615
189.852348
3820.931293
14.733101
4989.407421
-6.636825
5668.898942
148.417689
7010.081308
264.515250
8385.309054
494.005240
9698.504584
620.136016
8368.006477
371.552112
9852.897984
443.151480
12007.456133
591.205580
14067.754175
581.488383
15287.950634
735.424208
15943.237076
747.253144
17238.572144
807.815371
16400.334919
792.811857
16907.700270
702.116829
18242.898163
921.635941
17813.494140
937.064349
17371.513222
1018.047036
14231.330898
751.156787
14191.095455
890.940557
11933.691857
752.981941
13359.477729
904.203582
11569.459797
843.122396
14392.199932
1181.105967
17235.456026
1412.161370
15033.187665
1146.722866
13652.014970
1098.259626
14274.464653
1191.661831
13219.167335
1079.513891
14183.113726
1312.429106
16191.420127
1732.641960
15921.712946
1677.449482
14066.041002
1608.310081
13616.237351
1461.556347
13060.747289
1521.700001
12587.306176
1434.670156
11192.012526
1432.797463
9293.555414
993.072123
7501.218937
751.630051
4414.251178
596.176762
2750.576629
393.796325
4948.415472
369.122237
1626.526161
109.035587
4464.788939
553.437838
4405.409340
499.428919
4131.572196
557.699304
4018.092115
392.947318
6787.600930
635.495276
5607.627297
823.862769
5171.133960
808.347405
3639.334728
780.731972
3542.889670
892.392400
7422.374722
1513.844584
12824.853033
1844.806254
11774.621177
1487.567879
8815.449071
1280.780670
7910.976338
1211.253580
6685.512050
804.997118
5312.335744
699.013946
5819.314181
683.101079
1566.066956
394.408469
-139.271285
189.738134
1736.926469
470.898614
1177.635787
263.503614
4786.229975
695.796993
4100.589489
298.342165
6856.738478
629.262350
10469.644475
1080.820586
10740.783884
1201.349868
10854.596825
1133.534832
8757.718168
713.793931
9340.419728
779.704350
10017.352777
1202.952604
5792.622514
555.798369
8238.031958
886.551871
11206.299070
1394.540946
9641.388907
903.168267
10357.901039
1276.006509
10347.550937
1171.742217
9939.686167
1426.959490
6704.064076
1483.623598
5827.518448
1179.919418
5669.465825
1263.834413
7631.066530
1362.983895
5710.754398
834.975529
1537.158719
342.126316
320.801582
134.016511
1276.765348
48.830510
3531.599988
579.195709
1927.304101
529.557898
221.597744
161.528881
2409.153730
564.606444
1192.729479
393.330499
498.224218
346.333243
241.373783
356.452345
-3979.143139
141.531583
-4856.873135
-305.202527
-5257.874271
-46.525670
-5027.773048
-241.479301
-6228.171455
-360.487244
-8386.826278
-323.390028
-10908.892685
-767.751578
-14108.213628
-1000.764334
-9163.858438
-39.631474
-15239.052161
-758.815169
-16116.930206
-803.549058
-18570.134285
-738.626509
-23264.881861
-1122.268409
-27832.553376
-1540.263743
-25439.752303
-1472.028490
-25020.204440
-1599.709057
-25130.135182
-1788.080082
-23712.074489
-1560.520613
-24150.313354
-1563.778527
-21506.669163
-1092.406965
-24025.819669
-1290.253338
-21634.101722
-1035.602429
-20197.292552
-1053.582529
-20389.750554
-1008.747457
-19746.639966
-870.152823
-18070.215141
-852.944979
-18246.601648
-941.009287
-17381.523728
-1145.460940
-16687.354529
-780.524718
-12741.365165
-335.066577
-12252.806423
-234.909248
-14320.454559
-555.564183
-9898.074831
139.376439
-7923.031689
59.177289
-10729.617717
-74.736478
-14516.595987
-394.594020
-16890.433618
-430.153685
-16450.857250
-265.499995
-16687.747491
-665.245975
-14387.142852
-258.277563
-12591.308366
-119.252671
-10741.383284
-153.949148
-11370.252167
-381.779356
-9335.210117
-14.704840
-9928.750050
55.596323
-10717.571173
-30.033288
-9791.571296
-260.453893
-12237.344267
-768.707586
-11645.914482
-764.414644
-14708.604503
-1305.573068
-14365.255598
-1194.993388
-14611.090111
-1222.702628
-15680.170864
-1268.735751
-16416.918704
-1477.411387
-15072.848618
-1251.687000
-13523.454797
-1168.356254
-12297.755224
-1001.736226
-13735.088716
-1162.664126
-13637.629943
-1299.157303
-13029.412117
-1129.029248
-14011.313648
-1003.049609
-11663.851762
-910.842336
-12668.392840
-828.549768
-10969.908979
-669.916723
-10946.286360
-835.517445
-10686.430929
-716.508435
-8829.364926
-383.198509
-9219.901852
-430.853829
-9165.354728
-411.040767
-11049.567070
-585.981809
-12160.712019
-780.030709
-13751.224391
-901.435772
-13531.586564
-927.266548
-14909.842427
-1005.335320
-14479.156789
-1087.870996
-16148.369923
-1241.664311
-15360.525614
-1261.039508
-16641.937982
-1362.741071
-16158.470843
-1476.494306
-16098.306527
-1391.943456
-15789.526186
-1395.331735
-15055.379495
-1371.840427
-16024.535299
-1675.336731
-14871.062009
-1650.561242
-14596.831210
-1633.417367
-13944.311734
-1711.533630
-10233.897122
-1181.711638
-8602.075277
-1038.518394
-9213.707869
-1084.438824
-8908.816738
-1095.981932
-9060.156635
-1135.261144
-8554.087828
-1099.061521
-9686.870059
-1189.166594
-8758.330357
-1093.810944
-8921.795202
-1107.464454
-9569.035030
-1142.554912
-9991.508557
-1104.538686
-8981.929483
-1051.367052
-8896.846575
-1077.179339
-8121.414985
-998.415425
-8027.226983
-1013.032595
-6637.544442
-785.259434
-5020.334045
-613.244208
-4069.735088
-512.897354
-4471.589416
-611.501338
-5381.786908
-751.342797
-3226.386063
-451.614359
-3158.180016
-462.410274
-3187.023394
-473.535483
-3122.928579
-477.094794
-3002.362039
-456.719397
-3557.226734
-511.395185
-3587.829471
-517.096086
-3280.309201
-473.278766
-3494.638932
-488.577055
-3713.015079
-482.418393
-3612.297495
-526.346374
-3545.455896
-520.353716
-3406.783654
-509.077496
-2824.305857
-433.524664
-2905.750745
-450.974773
-2872.255378
-458.692550
-2945.735522
-448.402584
-2831.267450
-449.913271
-2879.900374
-453.643636
-3011.829555
-463.290599
-472.151834
-61.706142
-434.457726
-60.090393
-558.088415
-73.401815
-553.215024
-74.775914
-599.114757
-80.280480
-600.965110
-81.701867
-545.448658
-78.177636
-535.379436
-77.639496
-553.989331
-80.322197
-520.754328
-77.685010
-496.308183
-76.070309
-511.920787
-77.459066
-513.143925
-76.440069
-485.936860
-73.459477
-464.890474
-70.521933
-433.373624
-66.108246
-401.800647
-61.414629
-384.531481
-58.670986
-351.442075
-53.992877
-321.030220
-49.957606
1864.396994
292.094817
1972.572272
311.637153
1938.629552
314.253401
1950.442479
316.069128
1851.691918
303.440491
1895.461647
307.771324
1853.019258
302.788345
1952.043983
312.045668
1989.482783
307.806548
2040.972387
313.928199
2056.394329
307.884997
1998.158283
310.484072
2089.177055
314.903382
2157.142431
327.291198
2216.444192
340.287921
2225.924371
339.245368
2243.026017
346.318898
2207.222600
338.731416
2112.908059
328.779663
2106.323090
322.798171
-37.560103
-6.825604
-157.797322
-22.621074
-134.979642
-34.487897
-161.001682
-40.260452
-70.351335
-28.148236
-100.669667
-44.451983
-105.409496
-37.903072
-142.613575
-42.302767
18.530220
-33.362218
-18.561720
-37.318708
-10.965685
-33.632355
94.068824
-21.347370
113.814184
-18.078001
11.100970
-25.873587
-57.271358
-35.598620
88.539431
-23.206484
179.359161
-7.550061
173.309453
-4.323209
180.187075
-14.182343
150.668128
-10.632682
-224.114445
-65.365665
-464.695168
-70.290225
-788.319789
-118.766136
-667.950932
-102.430760
-404.403583
-97.942291
-686.320070
-135.781011
-781.508278
-137.956191
-836.691764
-137.321706
-355.435894
-94.927035
-264.952833
-102.993991
-428.872337
-126.654559
-564.414850
-125.621522
-700.209834
-143.918695
-748.557047
-151.146570
-892.509165
-163.518730
-655.938052
-143.569453
-849.176145
-157.256390
-927.833559
-158.832765
-1249.493410
-205.649857
-1670.340401
-255.182546
-3002.350417
-333.136197
-2610.129865
-288.506770
-2844.541629
-322.350093
-3854.126523
-434.335500
-3799.463949
-417.770703
-4265.770260
-456.716720
-4672.108811
-497.455464
-5246.270840
-539.627944
-4478.052044
-488.136927
-5040.543178
-526.551058
-5337.412592
-562.465898
-5611.063794
-593.158692
-5183.220799
-535.438203
-3523.093256
-367.942865
-3476.121693
-371.200720
-3607.672280
-389.413741
-4097.754097
-437.624859
-5125.039402
-543.105600
-4128.616859
-438.962093
-4006.036946
-413.736381
-3315.137320
-296.734061
-4105.388696
-386.951687
-4302.966710
-391.386983
-4716.811199
-419.255261
-4465.133243
-387.640891
-4233.485327
-371.604400
-1210.584218
-89.209417
-1105.611088
-102.571606
-1641.315434
-138.750319
-1688.128374
-133.729851
-634.556724
-50.528025
-620.992773
-34.676755
-1101.831311
-74.499569
-1168.907461
-98.507247
-1051.800486
-84.574438
-3694.768067
-316.450721
-3599.836068
-308.333042
-4471.405690
-389.388560
-3932.380527
-338.400066
-4241.079304
-357.748740
-5869.340096
-430.331990
-6446.064846
-484.574598
-4894.592500
-339.563737
-5241.278637
-383.258252
-8056.063258
-600.227939
-6163.870360
-439.487190
-5373.672246
-285.478015
-3132.146761
-112.202252
-4583.391607
-217.602304
-1107.343851
60.947274
-3994.629655
-213.656485
-4526.954896
-229.025611
-7298.928499
-464.810361
-7895.236688
-522.904211
-7731.360461
-501.944942
-6381.358666
-407.100634
-9824.809363
-718.041550
-10866.484969
-770.841250
-11539.543827
-852.282713
-12639.335108
-945.975898
-15018.743456
-1025.765942
-15408.814071
-1037.739845
-20597.099993
-1447.479524
-19972.627110
-1452.196845
-22274.816092
-1602.033549
-22751.385287
-1695.494772
-27189.066482
-1950.886342
-25565.864212
-1834.254981
-22002.056733
-1491.970465
-20349.787309
-1376.044305
-19698.747132
-1305.884012
-17954.810826
-1157.561985
-22710.036733
-1542.758572
-21885.827632
-1452.041768
-19611.165985
-1273.932994
-23748.645386
-1623.796903
-24730.676148
-1673.768875
-23987.219566
-1611.667638
-25331.848859
-1710.534236
-24021.084673
-1560.462904
-20799.954266
-1149.319887
-25621.636559
-1551.504056
-26871.950646
-1597.823579
-26674.226943
-1522.280208
-29803.340284
-1824.888109
-28365.924089
-1753.549869
-31393.734291
-1925.594614
-35413.303952
-2189.641744
-31460.960861
-1816.114586
-34173.846405
-2106.523959
-33294.395450
-2117.654124
-29276.427594
-1675.622962
-30830.112040
-1908.615609
-31408.091483
-1927.324930
-30169.264052
-1815.344215
-27287.151140
-1542.472700
-25831.980402
-1475.536074
-24968.472379
-1387.254671
-25689.083857
-1531.630604
-29190.042674
-1851.607487
-22723.916457
-1214.412198
-25912.780628
-1440.447140
-25692.814558
-1417.369699
-21884.369800
-1219.659695
-21661.326621
-1183.275282
-24388.030246
-1439.409273
-29327.950545
-1871.000614
-29644.902275
-2005.944705
-29975.735665
-1972.967602
-26282.188854
-1553.767310
-21935.632818
-1390.666770
-24887.573877
-1558.733966
-28488.643870
-1754.312615
-33174.253850
-2135.030364
-33069.621992
-2153.941881
-31587.919764
-1893.291379
-30504.146141
-1938.881991
-30251.198437
-1884.308141
-23788.901857
-1655.105198
-21264.759204
-1546.925026
-13170.615897
-874.503092
-10188.893407
-319.036917
-10733.342864
-126.046722
-3528.921596
459.994213
-3159.322746
414.740288
-1672.125301
599.446336
-3147.755904
603.042375
-114.202415
558.458041
-1946.948998
571.386945
88.640342
920.112930
-2132.808250
583.276271
1190.087844
1259.932515
879.396589
840.982117
3790.143583
1288.496018
5558.141886
1562.226340
2009.111484
1027.879824
4483.456136
1137.404048
5697.831020
1212.662389
2133.447324
791.177107
4087.245543
815.023043
8567.567417
955.126873
8736.752191
1221.384871
8479.520512
1465.944536
9128.848427
1719.180581
9409.371223
1959.534290
7002.579051
1788.476174
5087.041975
1624.604853
7091.073970
1963.596775
7721.776341
1879.422684
8720.192335
2247.309551
8809.457749
1972.346040
11595.080128
2352.713049
9022.502605
1939.066834
7094.863218
1978.684905
9851.673927
2272.428386
8745.999890
2142.780446
8746.823033
1953.967664
11009.579717
2290.873568
13497.542041
2807.267894
13513.772238
2676.218901
1141.240220
150.668231
104.469811
-570.158213
-2488.557196
-779.222601
-2231.035842
-680.821553
-4708.328066
-1187.235358
-7201.645220
-1335.738437
-5547.537887
-1468.002227
-8939.189322
-1655.530055
-11976.353251
-1817.044897
-17835.674029
-2265.434500
-17442.590264
-2344.409416
-17534.909389
-2561.227922
-18684.472493
-2681.051196
-19094.562158
-3216.047111
-21035.599902
-3732.452397
-20620.275626
-4178.655447
-21020.596328
-4301.384343
-19329.199987
-4003.926046
-20169.612360
-4689.259993
-19523.065565
-4372.449635
-18468.558624
-5000.849111
-20476.226743
-5032.853316
-21806.358248
-5063.583479
-27178.768555
-5750.839774
-31628.234148
-6732.442481
-30225.376315
-6863.901224
-30102.070339
-6572.302883
-33552.764224
-7204.126578
-38112.974197
-7859.475647
-41328.221893
-7818.468479
-44626.449706
-8386.149697
-41767.880086
-8435.261600
-37078.306659
-7621.572581
-34086.111528
-7813.894253
-29733.350870
-7421.967072
-25946.768579
-6748.575157
-22509.152106
-6257.617118
-25084.505550
-6382.510601
-21766.761602
-6244.496910
-20298.806851
-5817.942820
-14854.819478
-5029.849189
-21599.422415
-6036.623530
-23568.977941
-6072.210814
-26056.226579
-6240.699726
-30192.851377
-6608.915780
-26482.773072
-6508.845720
-29353.383833
-7021.343982
-29610.510976
-7278.868841
-28274.200671
-6927.908376
-34185.561332
-7753.152523
-36014.276681
-7862.520150
-34101.738507
-7493.136590
-34223.571385
-7463.603621
-35395.884702
-7007.756181
-34297.698093
-6926.296041
-32436.920069
-6896.653989
-36412.868030
-7240.872598
-38387.047085
-7149.462405
-36451.297982
-7053.049010
-37733.218179
-7482.387802
-30369.581554
-6154.396186
-34534.558057
-7146.073367
-36454.787837
-7048.929586
-40004.706681
-7222.300818
-36001.409644
-7218.795118
-35273.657057
-6871.424454
-39143.471387
-7360.267017
-41873.940946
-7549.864498
-45714.025495
-7756.635948
-39483.602237
-7591.532047
-45167.701284
-8491.716089
-40676.825677
-8008.063417
-42135.856235
-7852.787369
-43787.951794
-8341.337242
-44091.480728
-7817.408596
-45656.954379
-7919.277842
-50158.550287
-7915.437544
-50419.963333
-8103.172039
-52995.039962
-8472.606134
-55550.370600
-9133.574233
-57528.809883
-8481.538413
-58601.904544
-8043.345834
-58482.031505
-8714.140308
-63681.588470
-9125.532599
-62238.178677
-9227.221299
-65137.313315
-9599.223968
-64323.884053
-9319.324846
-60189.255757
-8874.019597
-60816.548715
-9175.254378
-67401.792310
-10177.255396
-70106.170226
-10791.850247
-77024.247637
-11483.132512
-78636.611558
-11421.287132
-72197.279915
-10845.009946
-73935.246591
-10694.985484
-75813.183791
-11008.454157
-75552.253459
-11102.824925
-78128.965370
-11155.134387
-81683.612699
-11406.792005
-82408.600844
-11502.624971
-85783.575006
-11433.132199
-88470.371264
-11644.624368
-83343.305490
-11147.660997
-86456.034873
-11361.898970
-85356.441622
-11450.682968
-84152.628794
-11245.838036
-84979.529671
-11316.492285
-79970.449394
-10901.941389
-82309.723654
-11262.638492
-76849.273880
-10482.655150
-78493.607701
-10698.160703
-81849.840132
-11236.355739
-77000.212486
-10574.867718
-80988.085784
-10896.272841
-80204.393615
-10882.344030
-78824.249473
-10797.134527
-77155.662234
-10257.991473
-74067.222944
-10045.614299
-67279.750492
-9361.248069
-64190.083226
-8693.284738
-56887.999003
-7410.402470
-55158.731137
-7285.503903
-55836.552689
-7397.763295
-54348.964424
-7384.736414
-52858.357685
-7316.582670
-54302.204031
-7278.125244
-57907.749071
-7689.360307
-61482.530789
-8035.377757
-66772.206950
-8559.911861
-65890.070720
-8478.946352
-66086.286546
-8403.574798
-69017.992960
-8838.199283
-70873.976649
-9280.343776
-71252.500786
-9204.267201
-74212.976201
-9442.072466
-75932.124553
-9781.763840
-71243.766429
-9235.748658
-73790.517924
-9534.575832
-67900.534383
-8896.335838
-67118.756204
-8816.856439
-53843.147074
-6453.464042
-54582.053881
-6498.659435
-52977.744507
-6458.310050
-56546.865993
-6804.127422
-57619.531337
-6939.861560
-55838.994783
-6769.363267
-54333.673975
-6670.070982
-55018.414382
-6796.466145
-53554.630340
-6620.139605
-48883.182324
-6058.336566
-48305.422446
-6079.187694
-48445.511375
-6067.305923
-46819.095347
-5931.016656
-45534.755114
-5810.854514
-40886.166255
-5324.505273
-39872.907429
-5224.877756
-41432.268104
-5326.156220
-41490.996113
-5348.916548
-44288.008256
-5634.195713
-44005.448899
-5604.101529
-24043.467450
-2529.497940
-24192.815430
-2571.955875
-23715.123442
-2532.675093
-24365.792075
-2611.619135
-23220.825518
-2511.566396
-24567.997444
-2645.116261
-25028.810280
-2695.966174
-23640.866345
-2577.637385
-21719.831070
-2398.983556
-20299.452083
-2282.849969
-19822.146898
-2237.849823
-20332.711053
-2288.054257
-21132.267084
-2352.685858
-21375.727169
-2372.933390
-21640.939716
-2406.693458
-20744.980851
-2322.261051
-20114.475832
-2252.042596
-19975.203071
-2236.593645
-19715.988026
-2201.979336
-20097.036492
-2235.900050
-525.149470
660.749758
-442.883609
672.437664
-259.966923
680.290466
-127.295447
678.773521
-2.860943
678.132458
-216.648283
656.847451
-247.310942
647.576673
-340.862796
633.176894
-164.925887
654.120779
880.420675
731.463866
1252.253367
773.979353
1678.665056
807.799601
2199.826171
850.174700
2672.988850
899.760761
2921.189548
918.094963
3357.348095
945.673218
3459.070893
955.459866
3618.586664
970.146997
3762.828322
981.104349
3824.764667
984.771920
-11.929354
-13.556166
0.551704
-11.467514
21.967707
-13.796179
64.286446
-11.999208
58.869577
-16.583162
69.210469
-19.397096
21.075279
-22.444039
9.215869
-29.837346
78.410901
-46.309920
210.356983
-25.813077
209.754134
-22.482518
250.176593
-16.610331
310.576467
-15.391638
285.873064
-16.510957
278.826840
-23.850986
331.751894
-28.616615
400.627523
-6.174539
452.484873
11.852968
615.298320
36.662037
461.377706
23.663417
232.174000
-25.368353
253.806637
-23.441695
-85.058943
-78.986185
-716.866235
-134.065364
339.017184
-4.710233
554.439028
6.078649
1408.214098
81.893212
868.849670
10.440262
769.429610
32.139232
1146.909763
64.083846
505.782745
-8.427227
-511.275578
-118.227918
-695.179813
-157.487775
-1372.097517
-218.551497
-1455.619553
-216.102242
-2190.116290
-281.022008
-986.119558
-148.491958
-633.386907
-127.473499
-859.165580
-156.812540
-379.514403
-133.227553
-1663.285881
-217.908903
-790.368271
-129.162874
2940.388535
248.283051
4948.296431
402.710262
3810.142893
286.648446
5948.070032
510.615405
8736.807364
797.393010
9139.501120
816.302480
10084.963087
907.552594
10476.145119
941.511823
9127.512087
785.016437
9937.432629
903.485595
9901.004986
883.188041
9629.864203
863.173565
9767.436624
836.199306
9172.688564
788.281133
6225.761152
516.934421
3985.656444
338.961117
2097.864185
140.663313
4545.434041
368.759971
8763.160232
785.110037
15309.085404
1374.812686
10868.670706
984.830039
8903.554448
840.660396
872.662013
132.815073
-1457.308900
-118.280806
-1573.042407
-136.997870
-4300.519063
-394.153459
-5729.826823
-534.743595
-6797.868159
-606.171638
-9465.164654
-845.464357
-6630.223252
-633.485761
-11261.327696
-1035.085217
-10333.330998
-915.945894
-8177.514480
-757.918846
-8754.943849
-803.150295
-10132.002110
-914.014462
-9540.516283
-859.262268
-7499.865868
-704.068449
-3094.583437
-265.844331
-15326.390477
-1277.934881
-19043.929128
-1587.450811
-19343.546856
-1602.996825
-20150.982206
-1671.912293
-15833.106690
-1358.891546
-14818.638500
-1189.292456
-12996.528836
-1078.031367
-12699.832178
-1032.355996
-8288.707721
-687.232668
-11513.962430
-889.189469
-11054.921629
-829.238700
-16238.187908
-1333.306945
-18539.860372
-1533.984344
-17708.090644
-1414.507727
-18447.413203
-1523.396073
-15679.156360
-1283.617680
-13037.708452
-992.134457
-10160.227981
-745.755613
-16766.925885
-1344.929063
-9854.788343
-817.502232
-15438.938092
-1143.419961
-20332.621162
-1705.497444
-22430.943926
-1694.106229
-20135.207888
-1545.512590
-20902.035337
-1584.574260
-22044.095020
-1726.197472
-24538.408341
-1891.840618
-23196.597778
-1647.937073
-21425.022874
-1597.879488
-25159.911391
-1919.317984
-27172.612013
-2135.259359
-30246.229857
-2403.196861
-31587.447818
-2524.813293
-32116.665458
-2522.392658
-36698.545344
-2972.224938
-42656.473482
-3502.716905
-43830.080454
-3545.476579
-48258.093272
-3911.028451
-45609.009381
-3642.116126
-37797.099066
-3045.767626
-37494.835869
-2774.873136
-36479.336124
-2797.453015
-33109.314622
-2399.602852
-32606.046874
-2433.482568
-31192.218384
-2349.758233
-31661.709414
-2530.102365
-30704.938881
-2480.603238
-28839.882475
-2284.770522
-35512.098620
-2950.110731
-33262.962790
-2748.575644
-32986.234452
-2700.147158
-38887.662587
-3147.420366
-39988.310633
-3232.955034
-34913.706881
-2892.576712
-32779.745204
-2719.934432
-37259.636625
-3124.592240
-35502.182639
-2985.656811
-32503.352461
-2616.224250
-32836.089864
-2763.297077
-34874.589670
-2834.947737
-26824.710739
-2099.775794
-29719.882171
-2305.375468
-29169.137096
-2286.215385
-32313.019563
-2704.947759
-30860.739320
-2715.680580
-31537.622578
-2646.037391
-28030.215459
-2490.749566
-30613.650992
-2734.872583
-34705.083553
-3033.585240
-35813.165844
-3095.098031
-33674.815467
-2952.980297
-37340.608414
-3390.839395
-37108.864237
-3610.515954
-35935.633638
-3593.624242
-32114.121240
-3135.094230
-30712.587113
-2996.220194
-31951.649038
-3043.371194
-37047.550401
-3336.514886
-34726.851932
-3226.997013
-36903.042562
-3367.547870
-32562.540762
-3176.859167
-35336.262113
-3441.227992
-36128.130918
-3247.703568
-35665.885835
-3310.865156
-35218.551955
-2921.020776
-30737.408439
-2626.326906
-33311.268993
-2585.425881
-34568.805361
-2916.204626
-35866.917029
-2974.403433
-38027.386079
-3180.649394
-37875.762170
-3169.462169
-38512.082597
-3227.410006
-40145.220782
-3277.133911
-41711.165625
-3310.382463
-42770.916139
-3679.584552
-47037.848066
-4284.995133
-47682.756455
-4386.848117
-46837.702381
-4344.486932
-48705.267010
-4633.662761
-48440.960684
-4644.188287
-39924.180400
-3940.265754
-39010.763652
-3470.395468
-41056.391135
-3475.460685
-41310.898673
-3760.136289
-46654.169056
-4379.737685
-49179.003615
-4660.460137
-49058.433859
-4500.085545
-47895.007511
-4528.659224
-48401.087500
-4474.142280
-47800.272516
-4606.928533
-43483.958991
-3633.243747
-43882.332375
-3683.384908
-37534.848647
-2678.641411
-32347.343491
-2301.570800
-35457.619400
-2453.751001
-35667.587183
-2542.215555
-37327.850668
-2788.177606
-34169.720997
-2596.141600
-28411.592024
-2055.643720
-28042.654678
-1939.544715
2642.738995
134.522355
798.566329
85.841398
2869.957094
355.096823
1367.360057
358.946135
2590.979136
729.919916
1670.195611
478.265528
1483.811510
479.515869
3661.054427
868.465072
2851.082169
935.990318
6697.007034
809.980715
3265.991398
29.531988
3226.987285
548.247347
5497.640116
674.619025
5615.649189
1062.634704
6422.779906
923.093137
1005.075570
252.147271
-1533.438894
597.191106
-2432.260517
160.281837
-4738.407094
33.480008
-3967.071914
-228.229749
-14786.647668
-1430.922143
-16128.008703
-1140.171632
-15359.782285
-916.530416
-11976.639770
-593.373170
-14915.580044
-1027.372020
-17317.185498
-1520.238977
-17218.402465
-1909.467753
-16462.551009
-2047.724251
-14792.097846
-1947.413542
-13202.951766
-1470.989044
-8486.221975
-1781.431213
-7040.837966
-1542.519300
-8314.371331
-2577.519528
-2125.832393
-1772.977709
-3477.859689
-1719.009515
-1074.091731
-1211.603748
-5951.621942
-1876.811601
3071.762753
-72.038032
5821.202219
153.200773
7688.022848
429.916286
10166.886744
730.970637
18860.942089
1862.277153
12833.533566
1201.158994
13668.029637
1560.411384
13861.253093
1525.686862
22076.694665
2183.285157
10474.336196
821.421399
4069.981414
615.374790
774.728826
170.360157
3926.340211
367.531563
3314.317792
55.785609
3441.844888
-277.052780
17157.912158
896.934918
3723.985088
-634.917950
3308.505686
-553.163800
7851.630840
-8.775949
-225.868677
-440.829501
-489.531501
-762.714557
4501.676662
125.808091
495.608992
-861.591877
-196.284052
-1622.419578
-484.807678
-1290.911408
-5992.897415
-1784.634619
-3913.672450
-1699.126056
-719.976594
-1206.025329
10860.216632
201.536904
17276.188339
1000.413851
15698.239470
1089.585773
15813.156000
923.897838
14157.960591
923.209565
10961.053865
1192.395393
11887.962253
1002.541779
16595.154361
1489.775757
18885.103333
1683.943652
18353.514612
1540.915516
17316.414249
1277.108706
29511.235666
2581.676308
27550.367364
2116.150224
36799.782831
3521.202509
43535.764866
3765.600140
50143.963090
4567.096392
47741.360982
3552.288523
49561.510359
4576.522670
60148.401803
5025.306645
51197.519358
4264.027889
50363.689532
3796.014982
55563.843392
4278.166231
49047.428038
3580.234092
64455.060964
5051.221433
58238.142615
4108.496245
56518.522832
4064.591710
67385.901804
5324.962810
62319.344233
4652.682965
56307.059400
4010.658471
53995.787152
3949.706449
58217.348841
4375.654270
54188.645323
4162.406208
51862.439372
3658.698149
58598.025191
4390.677708
58823.137735
3958.294604
69050.468910
4961.512114
77929.793619
6021.100737
89659.060420
7593.648009
88240.614849
7579.510269
85977.020453
7047.841054
87824.494939
7116.504017
92094.238462
7397.916946
78322.652619
5733.168937
76775.917840
5878.780488
77361.757146
5725.895814
84283.417075
6401.317209
78629.894597
5456.256162
82769.760293
5946.618771
90109.029419
6772.246553
87956.558712
7028.206196
88103.166099
6740.574491
82278.823884
6362.995141
72073.307086
5489.503754
69820.779271
5276.140534
79370.780676
5837.806929
57660.897572
4076.719203
55504.467939
3814.983636
52605.884114
3404.352886
49557.169600
3429.986740
37537.242193
1978.821979
33470.151632
1568.986361
31533.902280
1205.642662
34462.094695
1386.824025
37909.472270
1747.627609
37071.312573
1571.831002
38307.018691
1457.661755
42478.966865
1717.953396
42084.684611
1584.902288
43099.672713
1807.369965
38031.021279
1425.449010
35694.529031
1177.064160
25433.765428
277.720721
23708.137816
78.968031
26602.415242
331.697084
29498.067457
529.794175
26504.552654
1002.201320
21266.960050
486.483320
25066.899386
1004.509654
32970.155899
1760.138357
34278.075645
1890.656574
36231.289929
2059.447676
36880.319082
2073.030892
37236.651493
2179.921447
43019.794229
2745.700022
47091.946904
2988.976625
42500.236331
2591.668264
42300.368345
2457.376694
40354.513111
2517.664839
42549.926015
2527.269246
41208.667689
2469.839072
35287.324773
1960.433834
27525.963817
1052.111905
31116.972376
1595.714856
31344.152894
1599.367420
28955.895195
1445.629047
18750.009480
1328.028164
20175.572498
1444.152071
17811.687603
1191.350963
20281.618180
1433.636479
18629.747198
1271.528432
20374.471957
1415.636050
18459.638598
1240.092000
17032.191692
1105.941851
17103.738963
1102.886282
16454.219078
1021.978090
16556.312715
1039.448167
16593.163082
1045.776721
17927.350677
1199.825985
17225.627784
1138.507736
14159.838870
840.045864
13482.517926
817.373214
11619.651299
641.151035
13665.023653
859.679825
18279.949857
1276.059038
16317.316081
1105.041954
4457.831969
780.737329
4435.149357
784.302508
5242.086594
851.314725
4742.094477
808.759399
5020.856240
829.716347
4944.052032
813.062227
4794.204975
809.195377
5151.427905
840.256099
5726.484006
883.243288
5045.967030
832.390160
4905.484320
826.046885
5106.146560
839.583963
4859.412100
820.991758
4148.162767
759.466092
3850.678307
737.145513
3425.337610
715.652478
3252.621178
706.482409
3403.484514
717.015682
3330.119335
710.611232
3195.439712
714.290815
-80.454196
-11.212808
-159.834585
-31.465927
-117.275645
-45.005199
-259.955845
-56.480517
-263.609132
-43.054808
-195.884247
-34.097957
-167.981255
-26.688288
-176.477100
-27.095524
-181.631841
-22.441593
-66.887314
-12.991697
-101.351828
-18.168711
-214.573010
-30.113330
-282.935552
-36.329489
-362.609532
-54.019580
-352.808521
-61.986028
-286.071367
-50.346063
-200.581076
-48.082403
-62.435233
-12.799659
36.926416
7.232824
84.898062
20.810081
49.306313
-9.356187
161.648654
49.312642
1126.536954
141.998010
2152.917755
259.794647
2998.883048
357.754931
3017.022607
328.628083
3941.342734
428.129676
3364.189654
375.809718
3596.928142
405.648023
3295.469968
421.910934
3544.608045
430.511711
3179.383732
400.138571
3558.681373
442.698476
3422.217340
456.893137
3565.491294
447.980825
2926.536943
364.173331
2478.845488
324.545592
3361.209921
415.072234
2493.171951
313.624425
2622.005842
313.587731
5316.756690
496.215581
5908.804276
601.249094
4865.412429
535.832295
6333.331146
639.048961
4916.462091
489.003259
4430.522519
427.950656
5625.095714
552.083748
368.179374
64.224104
-428.669989
6.968367
-2814.087057
-237.167527
-2938.845572
-256.648572
-5422.369736
-464.258920
-6917.376277
-607.340447
-6343.936608
-543.962812
-3497.950332
-269.377418
-2636.576366
-195.301952
-1036.706364
-56.671449
-1283.260435
-70.742200
-7420.572790
-596.452983
-6457.112634
-531.669097
-13373.093609
-1211.724835
-5702.352912
-509.708907
-1670.967216
-119.831464
-5096.344859
-490.572822
-4354.190789
-350.353949
1172.845027
123.364185
4239.404362
405.730598
8704.078287
848.964990
16627.554840
1503.931293
21288.481178
1956.669547
23956.390151
2193.990024
24522.552143
2155.786162
21137.600656
1872.427821
17012.097768
1464.028779
19620.750104
1791.693759
21055.353468
1905.111204
13101.327770
1206.002334
16369.809222
1501.158995
15001.494982
1323.302835
11346.367278
978.865420
14356.378194
1226.570306
19722.093806
1660.136085
18298.816716
1545.669035
17565.545499
1508.489941
22175.747256
1870.903103
29848.094267
2520.255337
31380.333839
2664.715393
31155.522610
2631.843775
26710.240425
2251.911757
30395.221450
2597.525297
25990.959092
2191.876998
24855.972328
2104.574526
20524.002198
1689.708763
26837.695665
2346.209506
39225.936144
3426.965026
36514.264081
3156.403074
28480.543385
2438.441489
28077.681065
2364.248924
22603.172843
1957.685804
30619.436875
2582.288076
27718.948393
2254.477026
25666.420814
2041.533513
30313.961811
2480.875017
22114.990843
1717.455047
13788.822033
1063.384936
12207.932925
965.293010
16869.553072
1287.523771
15962.723634
1190.832204
20214.484157
1598.062535
25408.822964
2115.185509
22471.759992
1837.843871
15966.583144
1237.302725
17914.520445
1460.068345
15736.807182
1176.203323
22896.944310
1904.404721
27076.056286
2179.289386
30500.228608
2508.962988
26980.627282
2238.108413
24684.469300
1991.757778
30376.303620
2471.771015
27605.157974
2076.116818
27363.365777
2049.613869
25326.903621
1996.021853
26161.300030
1893.711968
24589.190316
1637.897944
19688.982054
1223.051734
25505.062419
1760.237695
23251.887500
1525.177330
26764.071955
1895.737312
21624.048461
1404.538949
23068.803566
1638.682364
21923.937726
1604.842799
17174.474400
1145.742594
15228.277597
991.218624
17546.233204
1124.666112
18570.083775
1256.529284
16328.757074
1071.084507
14740.224454
960.491115
13890.790282
841.069723
16964.241551
1134.612685
14827.865997
881.082279
14779.271452
847.861828
15548.606597
961.222729
19671.285650
1273.017283
22676.072068
1591.075594
24825.321607
1668.698614
27689.591852
1933.825168
28961.049903
2049.086315
32005.748296
2292.802794
36615.470000
2653.482952
33724.205993
2434.394761
30916.876905
2157.156988
28519.133186
2034.276966
26506.835134
1888.022946
24854.041660
1681.708106
27810.745655
1958.312351
29236.199689
2128.951279
27035.283859
1826.649645
25306.886110
1757.671617
22928.073900
1565.275781
13810.974906
614.184564
16118.363802
846.530264
15255.471236
935.867921
16125.662951
842.160904
18640.488074
1032.153568
22179.119820
1057.915042
22775.495157
961.062477
23649.432657
997.324949
23932.213895
1085.722610
27801.491674
1444.277645
25715.713027
1366.504476
25631.669696
1567.767117
26156.715276
1398.304437
26592.715789
1326.356228
27043.160503
1378.852555
26614.444948
1587.860686
26312.524732
1405.794831
24675.838229
1280.942661
23488.779856
1056.304480
23397.742798
1198.045309
11924.531559
136.535223
12998.210882
608.911811
13366.913459
505.058387
15103.617771
403.414082
14919.018443
384.956698
10443.344699
-239.057496
12580.592155
256.050021
12429.097987
318.610492
10709.157390
73.974178
13411.574901
-4.257271
13597.980881
-29.572425
12949.829199
92.032332
14573.098707
627.973993
14362.094041
741.152377
14188.522278
641.707755
10975.460326
534.546802
13345.487693
791.171848
14112.369130
658.704937
12535.017019
592.067436
11236.630762
483.891850
-872.488455
-515.319648
-627.304603
-661.081377
-2357.631877
-612.625916
-3842.171689
-608.494913
-5970.254731
-861.818627
-6288.433228
-931.054568
-4960.534835
-776.766946
-6781.870548
-1089.388494
-7589.236173
-1296.410894
-10087.415895
-1799.616238
-10981.967114
-1953.099697
-11317.689887
-1238.208223
-8074.512486
-1120.068566
-5596.528766
-453.936586
-6412.419037
-564.048702
-6973.790185
-421.124451
-6280.961457
-458.278176
-8464.013412
-953.957770
-12648.109278
-1740.596202
-11917.273159
-1917.807858
-13878.291493
-2500.872187
-13468.251106
-2593.564240
-10871.213620
-2575.858539
-10743.899847
-2882.381953
-8525.305765
-2170.638578
-10803.836460
-2379.106144
-13886.955510
-2467.283607
-13430.294909
-2306.732235
-15593.619573
-2413.764690
-14419.066516
-2480.033763
-16566.423059
-2319.432171
-17599.040653
-2377.792308
-19642.725889
-2177.734927
-17335.730697
-1758.210060
-20817.575562
-1954.182792
-20535.603952
-1753.186583
-24367.363975
-2274.741544
-24457.819815
-2789.331129
-24868.203099
-2340.423466
-23152.078963
-2182.723715
-37309.510475
-3587.000778
-49992.543939
-5615.887913
-56225.547775
-6026.758376
-50094.881974
-5038.122252
-51651.881981
-5108.842915
-43893.949511
-3971.084770
-45650.672375
-3891.340989
-46019.661445
-4717.341297
-53457.627870
-5601.044584
-51559.876758
-5258.554223
-48570.479319
-5157.782275
-51128.428491
-5842.879140
-50075.814651
-5455.120228
-46246.672524
-5276.251421
-40125.368886
-4304.641235
-40729.218698
-5181.893043
-41679.307337
-5632.704119
-36560.688271
-4984.065640
-40463.266194
-5124.725255
-34899.099567
-4347.963121
-38668.063014
-4453.387370
-32369.272157
-3695.151883
-36184.293324
-3574.919581
-34121.112333
-3631.688948
-34486.041385
-3961.827752
-36933.133568
-4335.410428
-51051.631406
-6034.946158
-50551.607880
-5802.262240
-42541.413441
-4862.566307
-48399.983992
-5450.805338
-38986.354240
-4223.433642
-25403.515503
-2903.281070
-21223.988702
-2689.033638
-30373.373723
-3356.927669
-34172.245987
-3641.711329
-26782.192402
-2856.168573
-32645.179280
-3271.922914
-27586.202003
-2687.647754
-21024.737881
-1535.154199
-9344.627067
-1015.477948
-908.415292
218.744355
14405.854919
1942.129519
28347.424341
3802.198040
28882.789128
3876.666009
25176.411328
3807.263667
25710.225498
3283.412597
40950.568245
5446.617574
46715.974680
6014.963185
50306.481423
6072.919086
50927.124214
6467.164776
46245.011936
5621.060131
69339.793425
7910.771499
60590.228720
7640.742062
65916.083542
8548.744140
76978.370153
9034.474398
67019.009338
8133.423439
78530.164472
9108.564152
91587.771821
10514.985706
93162.243050
10693.896549
93196.342742
11136.260210
112098.033923
12937.865882
124527.453203
13564.435284
122515.847197
13270.952355
124677.260466
13387.140913
132255.959002
13887.221160
118027.812588
12656.546202
115951.693911
12025.412512
108934.965966
11034.927755
106562.039228
10640.540324
108655.283655
11179.007112
124482.943772
13022.907013
120031.060817
12397.981736
138866.374805
14474.816510
153019.634050
15927.005861
147340.756738
15366.856402
141126.958738
14365.489477
143714.356327
14688.512650
140258.709915
14413.172646
144228.738517
14467.084275
147741.997086
14803.992006
149823.090357
14875.818710
164654.427689
16516.278103
168409.176591
16780.683223
168560.021926
16723.668006
171945.245032
17085.661132
155728.796484
15591.876733
151810.747797
15178.166417
128168.601257
12628.923065
119823.647103
11609.471319
132457.050110
13036.560949
128326.965655
12264.890260
121898.932501
11320.035329
118181.719392
11263.811101
116555.939649
10984.998618
113181.676151
10844.629243
119702.125633
11519.927997
121181.902653
11559.036178
126068.788950
12207.140768
126276.179768
12345.910374
134206.394639
13361.685566
115874.151355
11234.845887
127574.956754
12399.698585
137136.310510
13192.667611
140207.547405
13665.463349
139137.741819
13601.628689
136137.223948
13290.127527
139354.260332
13431.610367
142197.558789
13820.825801
140593.771156
13819.172953
130348.249825
12724.148834
122345.871136
11998.554594
127596.691578
12470.904513
125704.534892
12416.683192
114349.538392
11385.975581
117647.898979
11762.687819
117544.290856
11763.837736
116995.777435
11719.480923
126790.809542
12719.935963
121986.710493
12132.821179
126238.508642
12599.614791
89313.306523
8441.210275
87701.498781
8249.114401
92680.624955
8776.310239
88636.831327
8402.294766
86895.797203
8197.086834
84495.799277
8002.052171
78900.489201
7447.451734
79975.173979
7534.682573
88327.124884
8397.195582
88348.024652
8319.545867
85253.707815
8102.387689
85450.517639
8099.858980
86794.225349
8253.266327
86152.941119
8181.516802
82751.138725
7904.450654
82724.697759
7885.137071
82989.603074
7915.135348
81882.216522
7748.736630
80101.306496
7641.374232
77157.800997
7362.025069
38080.552459
3052.625591
37085.103825
2985.121249
37480.842993
3027.758912
38521.905081
3116.298891
38784.715897
3150.475277
37775.189749
3056.439126
37939.368055
3088.005036
38246.245933
3097.247273
37804.133893
3075.706029
35855.856479
2913.207036
35284.353068
2857.672931
33062.131372
2675.536452
32002.519925
2574.920086
30797.288188
2481.258556
30135.335243
2429.351818
29818.042124
2400.907309
30534.415093
2455.653086
29894.529722
2402.939952
29660.298968
2396.095450
30050.484832
2430.803228
-52.605876
-8.809821
-197.965542
-28.137977
-276.815738
-39.969081
-342.548634
-31.040622
-152.139091
-24.761790
-287.526140
-18.705182
-238.732000
-3.567841
-215.131679
-3.317686
-180.896833
5.445933
-239.341251
-6.926024
-256.994771
-7.994157
-263.912727
-22.762548
-297.035102
-45.172087
-385.962574
-43.670959
-345.365995
-42.211914
-393.734977
-42.801503
-271.529206
-45.642533
-262.189645
-46.363235
-264.783153
-51.539099
-164.558270
-27.793082
-985.583063
-126.630905
1156.047219
108.043089
1021.748788
82.649965
960.639393
64.658377
215.038142
-11.906819
-447.796057
-90.632500
-29.512903
-44.554724
275.103825
-3.611387
40.453338
-31.657694
1602.516163
132.986725
1727.108633
140.456408
2105.719042
167.600695
2495.272142
211.723675
2666.949311
205.112705
1889.151737
163.595551
1769.850783
158.929375
1591.843997
142.488185
528.800383
40.771351
1405.850419
133.117526
555.051325
6.324330
71.873335
-32.693168
-2543.918934
-265.133166
-1906.445879
-192.837546
-3122.905289
-289.251886
-5413.705448
-586.825296
-6702.324681
-674.113393
222.731272
-42.688430
586.858308
54.387496
4285.901149
350.228236
7265.736382
690.121911
5120.762253
481.693044
4841.832826
426.839124
3837.318816
340.618867
4974.259341
451.224419
2071.024977
190.086146
2962.448059
202.217607
724.700549
106.553401
2564.906520
235.792849
2503.470030
235.190646
-968.764255
-108.224698
1709.339630
186.397182
-1056.021995
-62.522515
-5517.745323
-498.990802
-231.525826
-42.055373
-5540.841381
-550.850560
-7899.590424
-737.706458
-7155.142546
-639.466492
-6219.584413
-608.748396
-6923.179074
-636.471353
-13302.734572
-1211.275881
-7460.204756
-738.815516
-6451.648160
-597.681337
-1496.910861
-161.625135
-6423.113929
-568.084868
-8506.209409
-783.156072
-10480.735703
-928.011407
-8251.850934
-793.535142
-8973.968393
-874.328111
-11142.766573
-1015.545673
-12357.211188
-1135.484488
-13304.474717
-1145.346674
-8178.229500
-673.913646
-9162.384796
-778.079339
-18929.413165
-1628.031367
-21218.782034
-1843.001093
-26457.103585
-2290.794584
-28982.718789
-2510.819170
-29847.681476
-2567.060724
-23734.494658
-2116.566036
-26123.539515
-2246.569997
-27581.595854
-2415.965700
-32590.417776
-2818.954624
-37334.405055
-3246.722832
-39490.149092
-3496.827753
-40072.503409
-3529.447560
-39179.964026
-3469.836060
-43320.347925
-3850.655648
-51301.707108
-4535.213643
-50120.471915
-4356.412589
-48264.093824
-4227.819020
-48128.638310
-4087.938394
-47732.349651
-4022.588020
-48601.684440
-4086.048617
-47867.065267
-4011.156275
-41243.646931
-3449.296972
-39806.892315
-3225.094980
-38857.452767
-3198.629660
-35007.242128
-2835.992642
-31484.866979
-2499.998209
-30607.253569
-2451.773292
-36950.088707
-3058.351011
-45578.497411
-3636.000339
-42873.506577
-3444.034173
-44187.853921
-3558.247661
-43619.601849
-3537.820271
-39806.475212
-3184.052826
-41569.219228
-3303.930258
-42601.988262
-3379.826497
-39136.374408
-3149.966800
-39448.844424
-3137.577408
-33133.465842
-2441.999663
-35198.222587
-2568.424739
-36901.676271
-2687.627412
-38629.602805
-2799.394134
-39860.123156
-2978.290777
-38576.941047
-2821.243383
-40080.258794
-2913.137199
-42874.360558
-3086.489449
-42850.228701
-3117.666722
-44408.026155
-3273.748034
-48074.261549
-3550.596519
-48302.527365
-3496.208727
-52905.592924
-3924.141131
-56146.485289
-4171.344859
-55511.731533
-4136.394390
-55674.475435
-4218.030930
-59415.654628
-4438.090380
-60696.931842
-4558.665115
-64332.228241
-4874.413291
-62509.727247
-4690.747762
-47433.973027
-3007.871133
-46110.366334
-2923.006478
-48146.904280
-3051.620482
-47369.521297
-3028.514185
-50820.912341
-3199.214823
-53229.733843
-3423.215916
-52579.138374
-3430.153755
-52964.067080
-3382.392470
-56125.932681
-3607.599101
-55129.567446
-3433.420312
-55663.970522
-3526.533051
-55875.308074
-3640.673880
-59308.411299
-3812.173154
-57447.603211
-3763.213892
-57335.034078
-3650.463245
-55317.162829
-3634.033346
-53619.498677
-3387.123996
-56053.797103
-3647.361580
-60271.532353
-3937.640522
-61178.202557
-4054.185412
-42690.647011
-2055.562152
-42680.964134
-1993.614549
-41174.570861
-1825.340476
-41987.102834
-1877.676911
-43296.122126
-1864.996348
-43656.074234
-2013.050604
-42687.493340
-1947.795299
-42531.633827
-2109.410658
-43751.528842
-2283.384130
-43030.790734
-2207.524068
-43378.212380
-2168.793318
-44108.052618
-2464.569484
-44536.595626
-2574.668770
-46105.557175
-2823.565012
-45311.160052
-2795.972508
-47040.154444
-2917.548738
-48375.786520
-3069.630969
-47176.086227
-2926.647439
-48029.730356
-3006.571788
-46563.873871
-2766.953226
-22539.347987
-173.215227
-22954.302621
-177.284548
-24424.092980
-262.139845
-26258.232888
-518.000342
-25616.660010
-380.749163
-26083.538554
-329.904907
-28323.045870
-459.481419
-27628.397466
-500.612763
-27549.077382
-547.954194
-28303.595651
-620.018818
-28473.491136
-624.357410
-28666.562096
-601.976623
-28886.954444
-702.871603
-27963.548999
-599.327844
-27515.517677
-484.079693
-27697.942603
-655.420311
-27916.082328
-626.330978
-27194.496669
-425.792240
-27871.715966
-636.683006
-28642.241295
-722.687146
448.035490
132.073302
1221.868861
234.754516
1346.726091
467.429129
4024.041775
955.648926
6328.217103
1142.885930
7257.600032
1440.662653
7347.335384
1451.617542
6704.513592
1557.561953
2824.918071
827.926157
2897.769047
993.174201
3265.973053
1052.656707
4859.582048
1281.571245
1797.865834
769.304962
2901.759590
983.052119
3510.583452
1381.920867
2560.296731
1158.852567
4356.489589
1367.938319
4734.863254
1389.146440
3963.783009
1241.022417
3298.408510
975.903862
567.138253
1016.269769
3319.761629
1219.338840
2319.521074
1231.912456
2339.936164
1182.655281
-1052.230734
942.512380
-4237.058330
645.789257
-2027.577458
625.354758
-1394.000208
625.681736
-3254.166774
450.215919
-3063.381198
634.076953
-2709.329529
814.107730
-1280.171289
1040.550857
1628.159898
1452.008287
2511.710873
1677.629478
3972.140165
1727.638697
2377.188572
1366.653847
-2650.291038
726.534129
-3342.295553
866.932640
-398.031776
1553.759921
-1683.397221
1528.103887
3038.462697
1982.793108
3355.606628
1886.829094
706.951314
1571.270872
-456.733812
1558.756285
-1983.702869
1356.760208
-603.908540
1539.163052
5547.123099
2275.537380
7053.245388
2506.605447
5037.066576
2543.096519
4946.375864
2360.529983
7333.721408
2855.485838
10056.708422
3313.960718
6838.564790
2945.345353
3836.574306
2261.926967
7508.941563
2645.354125
5176.172312
2211.308891
381.368715
1777.632629
5100.254932
2149.934863
1013.650365
1420.514337
-5096.790311
1072.272774
-14468.574830
-161.433928
-16400.215580
30.634714
-7866.530692
886.952250
-13888.951780
-9.553234
-5955.593761
796.581043
-9250.232095
258.978353
-19531.211139
-1057.719052
-27578.853071
-1785.819896
-22499.210280
-1657.525942
-29073.283832
-2312.572703
-25098.819341
-2026.619773
-27422.688187
-2278.096446
-31820.127265
-2920.475675
-33343.757683
-3193.569601
-42124.659136
-3629.205613
-43947.900186
-3971.003774
-37786.619663
-3097.049948
-33089.088325
-2488.976371
-33919.363952
-2696.613210
-32100.806132
-2779.662828
-40889.131551
-3305.795997
-38139.015875
-2971.113943
-36756.586771
-2597.861965
-28450.398084
-1456.682855
-32618.144194
-1826.032641
-23666.619497
-986.696534
-11242.703708
523.621501
-10019.503521
690.594999
-4728.164003
1579.531080
3440.714083
2167.574449
-4044.228301
1172.232541
-3952.612423
1241.904396
-5190.445727
1025.629274
-973.603873
1471.091963
-9277.331940
751.263588
-5069.221524
903.941970
-2081.334093
1081.581420
6486.643894
2093.751691
3708.651195
1862.991986
6793.120810
1936.423991
12.129688
1121.232823
3891.344787
2171.934191
1471.251241
1630.585071
11595.956782
2670.955277
23506.403538
3819.300245
33429.945789
5182.993398
21849.859287
3915.487112
28394.394664
4645.828741
22825.923766
4070.526421
27131.534554
4444.958654
29749.012847
4612.915295
22132.035048
3679.134389
20749.852747
3811.558161
17289.597745
3594.789658
17556.096377
3905.096610
5695.670324
2535.897037
5986.704936
2548.847105
15834.206723
3818.625453
23933.237340
4469.232008
25276.391221
4677.527160
25723.811214
3884.486966
29364.374905
4313.544776
24892.678296
3898.521119
28534.098967
4247.823460
30286.172490
4354.478281
23808.820909
3754.797061
23016.015974
3673.908413
20531.569639
3519.432548
21336.807125
3368.184480
25524.211155
3897.194187
30011.531170
4634.095671
36623.011877
5245.189598
31730.946132
4728.781612
32554.930020
4707.542816
29862.159170
4395.997376
22649.885385
3869.406898
22915.415116
3802.769505
21646.652883
3382.342493
17511.765216
3109.749768
17770.891334
3116.238546
11824.266429
1911.405478
11965.458276
2089.205638
8487.453794
1603.161002
4172.806538
1198.713106
9105.247064
1691.855730
2907.063566
1076.774729
856.752740
894.838820
-3348.021492
406.641213
3008.403672
1103.883659
2695.458932
1053.305916
6663.778949
1334.381293
6764.489009
1457.424652
5432.523825
1319.737367
13918.801842
2306.522641
12465.606831
2145.214377
10486.837844
1929.564422
12232.244365
2165.158187
14842.641763
2481.621444
21735.698594
3112.353137
28540.492532
3677.630193
27325.593022
2858.425531
29133.878954
3056.747538
30935.615696
3212.794544
30392.410042
3184.730180
33243.011623
3396.649371
38128.107793
3919.963427
37999.223141
3864.883404
37678.576499
3877.588536
38114.574359
3907.671719
39141.005299
3996.047782
37139.509090
3842.357666
39316.628052
4039.825199
41445.255103
4254.314005
44200.560446
4494.395754
43740.304949
4442.507247
48053.652294
4856.304209
49242.948352
4956.637403
48659.850899
4894.411429
51814.718231
5199.233862
50251.511324
5039.670365
28986.530583
2011.847855
28075.820183
1954.209016
28078.142751
1949.203270
28894.560048
2017.122191
29992.232661
2098.763973
29757.485400
2090.458221
29822.314613
2093.859085
29903.773984
2103.973684
30676.250667
2176.883151
28254.280987
1965.710983
27880.204459
1945.617837
26644.582218
1843.505420
25926.256856
1762.497387
25532.334152
1746.496823
25117.555700
1709.560346
24481.521657
1654.600720
23799.557521
1601.980871
23524.023932
1580.206576
23953.019868
1612.032572
24348.956970
1644.573609
-15.544247
21.718813
175.972152
40.132515
186.093204
41.544899
153.068333
32.152430
218.466589
48.434826
38.496747
23.254879
-15.119158
20.413257
215.075230
39.834577
154.583935
36.420115
266.983251
41.252367
205.517817
25.728195
323.466708
52.154637
344.081565
47.785843
410.202395
49.848037
472.823763
60.949522
521.094747
54.536502
743.854080
90.413851
829.774151
84.016839
798.558468
81.104302
836.238576
80.065280
2818.190766
281.603921
3527.358032
362.745975
3965.271337
417.075681
3054.606357
312.587801
3360.786771
356.887948
2432.473997
265.771832
3288.107378
350.123636
2792.180605
282.031772
3384.040266
374.982076
3786.618236
396.285181
4363.183428
478.941425
5344.588133
551.750922
6338.294740
664.799457
6257.550741
606.289439
4887.721267
488.234097
4621.987297
474.114272
5448.069806
546.857217
6719.247625
662.011587
6818.936731
708.989930
6414.208510
644.165101
13100.435405
1312.089213
15561.921341
1505.184995
16400.700285
1574.191490
19135.023803
1864.744589
17569.481577
1715.949787
16535.220003
1603.931948
21712.313056
2077.188526
22030.431678
2123.185156
26488.846268
2541.931216
25194.947414
2433.657374
23735.321859
2246.415517
25303.488043
2390.142178
22243.119259
2133.755367
22248.248611
2153.048846
23787.643814
2254.261011
19348.287705
1874.256240
17144.066765
1622.732986
19596.057967
1902.982213
18999.269689
1902.400453
21679.762921
2078.359484
27366.114824
2563.158863
15817.589019
1471.662664
16720.628052
1522.821984
16738.538646
1566.929441
12062.580815
1153.155848
16037.362108
1493.089254
14336.410573
1338.230340
12487.367495
1135.039061
15482.505906
1417.923749
15078.410203
1426.252952
7284.401289
688.955278
7081.163213
680.164187
8720.700468
819.227186
5430.450526
546.184670
9208.082912
887.478767
11426.105566
1105.081681
15947.626976
1417.138389
13446.460024
1235.123693
8149.671954
752.269000
7588.945408
738.741869
4784.393981
375.901919
6599.809370
560.248598
1761.861506
96.432609
1883.138876
164.277845
2094.950876
206.939378
4798.813266
436.520706
9229.385682
798.537457
9156.058050
778.384063
8915.706322
773.512897
9336.066673
809.149668
12723.777886
1097.763179
7712.856645
616.572054
4367.737631
383.935350
5625.609179
450.979572
4800.528720
440.193458
8559.414274
763.481299
7573.769103
681.725666
3331.253417
261.953654
5002.635586
418.781129
4075.775456
381.073940
3706.065350
252.647127
2630.640193
168.710065
4621.443253
314.262078
5443.830807
396.225547
10801.942094
888.492214
8441.766358
651.633095
7488.698704
545.370148
8611.023545
654.098388
9511.798585
753.318876
13436.220696
1120.032078
12811.333563
1016.138415
11659.189112
960.352325
11264.533901
910.584096
12230.770198
987.096531
9575.522804
755.904618
3852.022855
211.667709
3267.043667
233.541187
2151.547488
80.227514
2857.259852
159.699545
5209.740357
396.179892
5385.560355
324.844137
2863.311831
159.081385
3536.347765
182.796728
2833.303636
172.070358
3847.629333
238.932975
3147.620586
198.703921
4562.774153
289.037842
3152.125323
208.641972
1928.310961
88.639816
4597.431678
304.148819
756.100934
-1.433010
237.766086
-68.803642
-2522.339227
-314.554891
-5207.149981
-502.690538
-4013.694072
-392.933394
-2817.482760
-312.782932
-2266.776047
-261.412140
-1476.598654
-191.874387
35.849054
-68.563398
-1169.832892
-137.133579
-2308.816233
-286.906992
-1546.791361
-248.757905
-823.584659
-191.901896
-679.587605
-165.517568
-748.722022
-170.842179
-2075.331376
-280.663331
-1669.744704
-154.387668
-2345.427270
-223.567105
-1290.910219
-135.806727
-1212.127578
-130.738048
-1136.447921
-86.301642
-2178.582321
-137.472836
-2787.749750
-178.521522
-4159.699540
-344.426272
-4771.097024
-426.455195
-5117.881125
-492.174730
-4965.299756
-460.283448
-4673.155793
-396.627854
-3104.629317
-321.232472
-3878.536165
-350.597966
-4698.397234
-467.920940
-4794.437936
-490.459983
-4062.696346
-461.825178
-3503.772341
-365.671385
-4093.630521
-443.979722
-3894.990025
-449.888417
-3060.079444
-370.311168
-2559.928671
-369.923042
-2340.979526
-336.708707
-1585.453528
-304.533686
-2714.218706
-419.572755
-4231.423548
-532.024084
-5509.079994
-619.774375
-4947.048725
-591.663463
-4757.178094
-638.413327
-3572.744597
-557.514663
-2191.854030
-445.049161
-2471.328571
-464.596624
-3451.965699
-516.203211
-3466.659855
-483.664365
-3510.849365
-550.144057
-3644.285294
-624.258495
-4033.182267
-679.112861
-4303.058110
-674.222046
-3888.451156
-610.460089
-4291.301353
-691.951461
-4251.503746
-582.015290
-4434.063927
-580.934828
-4397.242755
-657.597115
-4541.839556
-694.195222
-4600.506763
-670.964724
-5250.714212
-783.245681
-5676.161113
-877.257866
-6142.778258
-891.663256
-5438.461289
-773.750095
-5090.679544
-624.834942
-5231.757170
-673.836684
-4161.883500
-625.871191
-4406.709966
-668.235205
-4631.450821
-728.516715
774.861916
96.578442
130.590987
-73.365396
-223.719515
-139.995603
1059.456864
-20.805159
1896.069975
-71.558387
1656.660820
-195.434483
913.289243
-217.470263
1262.158630
-219.908829
302.751940
-454.368169
346.231876
-465.392234
958.885398
-296.906512
231.950038
-389.963241
344.306528
-454.073806
478.916388
-371.199189
390.001024
-400.756148
990.379189
-310.281208
1332.177878
-247.339253
1241.455367
-142.142049
644.485812
-222.539300
957.021583
-181.693720
2423.245903
-58.876889
2538.545348
19.740990
947.538267
-263.480644
171.381390
-348.232835
-326.521584
-378.980422
-28.332347
-297.053810
834.490374
-103.692802
-1365.065053
-348.593767
-1701.423645
-363.017164
-1245.398413
-246.019204
179.593902
-170.329836
-1726.456228
-567.130235
-413.908725
-494.748224
-1557.163072
-622.660111
-926.381191
-683.803232
301.024158
-623.366980
50.093205
-641.952054
-748.824418
-625.351788
2003.068370
-142.359543
1594.313871
-223.288266
369.195860
-405.511783
-407.720659
-468.970056
-1623.441700
-555.943072
2557.415095
-77.401670
2635.198553
96.110731
5652.444235
217.850222
8081.599433
501.969362
5599.634226
373.713987
7797.464764
683.595225
6991.376224
542.613058
5670.297632
147.349683
4213.249461
87.995831
3067.035855
95.435313
844.346889
-172.690019
3473.529599
125.831904
4324.904529
78.162665
2649.225993
-144.141294
1365.622569
-376.253405
1154.953756
-447.660391
3334.095803
-238.831411
4253.135570
-148.671760
3292.503514
-202.198643
6599.812201
-13.371515
5020.962642
51.957840
6832.382262
207.176412
2352.753111
-386.475442
2534.506232
-388.190425
1572.511504
-500.818583
1789.756282
-296.947615
-3468.098052
-878.536407
-82.289705
-544.936395
627.733891
-480.542654
5346.032911
153.828881
6284.708317
215.303925
6695.571211
290.536966
8152.721147
375.052177
6691.968066
165.445939
8027.341506
235.658786
8356.894492
137.246816
6936.253252
156.368170
4565.205856
-217.212309
12493.224400
645.076083
11767.844140
402.592452
14387.628462
518.065064
19798.940881
969.311802
18623.904043
781.329054
12272.729310
110.777661
11261.351052
-167.759747
11535.321010
-77.037203
10416.499006
-212.302816
13476.715379
169.730451
12355.802576
-32.053504
7971.330148
-555.632883
1960.467200
-1190.980838
6011.123331
-859.206319
4148.844166
-965.051482
3743.629930
-931.662183
8199.982574
-601.750668
13726.811942
139.299924
13320.163797
120.029995
16147.685492
433.006166
12206.065242
-119.612735
19776.699991
774.885000
28619.171679
1731.109108
25253.958946
1405.586545
22190.566584
925.951177
25278.642429
1345.200333
24358.399626
996.731176
29608.411796
1716.208046
32535.890388
2033.261569
36180.293438
2395.416224
39392.734959
2820.931381
44625.353334
3378.608968
43865.022310
3210.078098
47299.739099
3877.747367
46858.118790
3574.107085
50171.810271
3984.598303
51603.542022
4051.083617
52922.184586
4199.267921
55291.074495
4253.556331
56259.088754
4480.236947
54470.404070
4452.929301
51620.726348
4114.980554
48652.709513
3817.571286
49178.161242
3794.604397
55354.385891
4584.977949
56066.330521
4566.133170
50515.141320
4078.671766
52002.672636
4224.241224
59297.036933
4924.099702
62264.251037
5254.927736
59036.675263
4921.715406
51228.843149
4012.713324
49704.521914
3808.699229
50936.555323
3944.885645
49947.095928
3972.079355
51148.198887
4049.626994
58872.507631
4820.222553
54063.455002
4387.606792
46911.356217
3548.253718
46883.069723
3843.798509
44391.768384
3637.051106
45239.678937
3753.596670
43097.826072
3459.061085
36623.441393
2861.542733
37539.188955
2970.528985
35607.512755
2772.853358
32258.447853
2442.922559
35587.201431
2786.826676
38657.591775
3128.698382
34398.449252
2673.609327
29694.191112
2147.982926
38234.868111
3006.606549
36159.563363
2844.781236
36004.871620
2830.438657
39551.964117
3248.732865
38989.086493
3179.411932
38981.158063
3216.239244
38914.564328
3234.806891
36581.956680
2980.456064
28934.457379
2533.349298
26418.045954
2286.221776
29125.348971
2566.161070
29296.605263
2557.611552
30525.605437
2656.632713
33003.011804
2870.564679
32964.705738
2894.164466
34668.419957
3057.758596
35719.996712
3115.803703
35423.243113
3109.286540
30575.220622
2649.935926
29501.731393
2608.633884
30909.191742
2725.311267
28389.968253
2489.784397
28995.654880
2516.840934
25965.252684
2262.289041
25696.597172
2242.946037
26324.644138
2286.775889
24742.562565
2149.900474
23626.508411
2061.810953
13080.429559
1369.460933
12763.379167
1346.193303
13624.255079
1410.637142
14408.794908
1470.136782
14092.889219
1453.795411
14651.652542
1476.543986
13683.193624
1415.032401
12214.131134
1282.827690
10920.001960
1195.398715
10622.763809
1169.208376
10472.323661
1155.407632
9486.782278
1069.662772
9080.683635
1037.447217
9108.970898
1039.817863
8796.515849
1019.402821
8568.756188
995.439670
8081.239883
957.776501
7696.484783
936.285068
7902.328683
964.132654
7422.991823
919.263995
