0.0330071747942924
0.0326678700087015
0.0336637384236269
0.0344022312959353
0.0296371459484348
0.0200823539630761
0.0235547760193739
0.0193508408086345
0.0130274264505488
-0.0167052374129568
-0.0438212935744744
-0.0637595577068737
-0.107069246166041
-0.15293691963555
-0.184287397231515
-0.196815030869494
-0.21423535587958
-0.238942451462243
-0.196990631560226
-0.194480056330491
-0.223869599583296
-0.208749525307411
-0.199932763682902
-0.167462449701731
-0.181863115954791
-0.055998432155981
-0.0590598127760416
0.0725722855180422
0.00177144982064448
-0.00258325896823663
-0.00993879499918648
-0.0894917308717993
-0.0311734799344947
0.165821133123941
0.127639890128535
0.00717748586364308
-0.0164516000250643
0.0500166354112821
0.0246166584458649
0.0468304771755328
0.0141938955143317
0.00860324604042972
0.0499914206168484
0.0426941252349238
0.034905605628758
0.0341811152802265
0.0497596858714644
0.0427180804027927
0.0372425076774121
0.0288735568795957
0.0323319570763232
0.0282804280871432
0.0289293122106713
0.0299102174381645
0.0295339489021131
0.0186817474709713
0.0169215330606463
0.0141253068010556
0.0140845861138672
0.0136156884830925
0.0130030852885525
0.0145593165561451
0.012944533534025
0.0111168530628163
0.00912368590687151
0.00965994102628542
0.00829066988394089
0.00837929252057279
0.0089524361092046
0.00761718201886907
0.0751086562578607
0.0757108885929156
0.0766642464774989
0.0797935797637734
0.0831936930984583
0.0831307573627669
0.0827701302216326
0.0839836261363871
0.0780752162170586
0.0573784763204301
0.00437528960230082
0.0430742294104007
-0.0234923824359612
-0.025659048595287
-0.0665169566092345
-0.0678148188639938
-0.026786637078132
-0.0194542299021023
-0.0129299038360244
0.014093383546836
0.00846011435248073
-0.0110573977130102
-0.0222490708737197
0.0213179123627611
0.00632434933070414
0.00766898474953592
-0.000523323056931702
0.00368041949344899
0.0323102073863737
0.0248393221722552
0.0214768640279743
0.036903624085376
0.0568230602437367
0.0724600820183738
0.18056744428101
0.202249482022637
0.271023059426554
0.272289736257981
0.244163475043074
0.200244455703356
0.124111262196386
0.0811946923328364
0.0415392327068602
0.0209134634776476
0.0160561985585801
0.00465157269788108
-0.00263944175259923
-0.0111892514943577
-0.0148805672773946
-0.016118855628136
-0.0114620466901485
-0.00408380464787683
0.000288094670345629
9.16433236497483e-05
-0.0026272897695776
-0.00470825253663776
-0.00645546452440016
-0.00567276548461848
-0.00588057507273021
-0.00525133116838106
-0.00154351823566401
-0.000341508881341213
-0.00109948733624066
-0.000372028463935692
-0.000780033901072841
-0.00145305999166823
-0.00237597286892566
0.000397729333521113
0.00122518334748634
-0.000467896143810265
-0.159011383100861
-0.159751965115191
-0.158739553967223
-0.155478755931185
-0.153495003036063
-0.15400956526593
-0.15467358189396
-0.154742002505515
-0.161366778948846
-0.181380469064372
-0.322726732103831
-0.299965769600888
-0.279320324924932
-0.29422062604786
-0.269731276918435
-0.253583944646422
-0.256855305781336
-0.26108789542193
-0.243612429808643
-0.231387327385868
-0.235267284153515
-0.217509543936899
-0.169454375872554
-0.143831342711763
-0.117414539808436
-0.115104957901394
-0.113281874625542
-0.0906277829384265
-0.0359246066511929
-0.00936374928779315
0.0305160607851533
0.0461960271255464
0.0773702293195697
0.0664822647418148
0.0512427108660987
0.0527001114594512
0.0552454187728486
0.0694679102747031
0.0500551649534557
0.105057177221006
0.137647426347662
0.0907992199432428
0.0489643976328509
0.0172850666742121
0.0149155240447669
0.017413622704531
0.0126800980021073
-0.00118584400322419
-0.00327880272553216
0.000314713520211285
-0.000178892874316716
-0.00300401493274904
0.0024146172231525
1.07391165187209e-05
-2.81596296574094e-05
0.00275094749331117
0.00166633954983553
-0.00163698171855486
-0.00104368104577901
-0.0024409024725216
-0.000950874398540691
-0.00278657711928787
-0.0027873677240251
-0.00424247618362728
-0.00263476133936535
-0.000505369435394698
-0.00236251758752104
-0.00152731054079425
-0.00372855052658849
-0.00352011201119495
-0.0235751996054034
-0.0225220291614079
-0.0188416966868132
-0.00967690457576964
-0.0114733841964423
-0.00850205238443635
-0.00876837912267803
-0.00413925870682874
0.0121691729094877
0.00612187763527317
-0.0145870470745777
-0.0401781877842566
-0.0789356134644734
-0.0565914517060904
-0.117897456523487
-0.258969545260541
-0.245822773698876
-0.21301597881795
-0.254375020233674
-0.232138485087319
-0.191025564443073
-0.153146257644885
-0.0553780890857496
-0.0249085723196387
-0.00849169633379887
-0.000139826879696159
0.0194561873681636
0.0596525558212875
0.0340160858521728
-0.00667351376739589
-0.0150405048717275
5.79528629884862e-06
-0.000540146986786283
0.0111999092615065
0.0876190077362367
0.0732980554761582
0.100949643074735
0.168857693038909
0.151484005538641
0.142549321181185
0.110742506623829
0.0838883815788236
0.0539172376145771
0.0297216581950153
0.00936558424842815
0.00534248785895386
0.00271817937488095
0.0104884068486584
0.0136580551805494
0.00680210722826047
0.00450026788461599
-0.000239986682274207
-0.00414615350442205
-0.00364334280234857
-0.0048201448588685
-0.00499265213696276
-0.00234875709268323
0.00126176470020312
0.000877644567090385
0.00124373161676061
0.00262318907056169
0.00176059290248531
0.00188702333377222
0.00126105287966283
-0.000146825092834035
-0.00108613409243929
0.000977786917196966
-0.00125832649515445
-0.000355768397206191
0.000717783443846542
0.00123347320862877
-0.51567655034296
-0.515934875759093
-0.517020991320038
-0.514556042334
-0.513369862665186
-0.472594544506649
-0.440185307815504
-0.411893824747303
-0.414461140997396
-0.405029666980958
-0.230532786177555
-0.193963200105721
-0.169770318598751
-0.178101179664814
-0.207349281839278
-0.210464829213151
-0.180539493368606
-0.164274744026073
-0.10394299207212
-0.0953734330065359
-0.0943230329080791
-0.0686538577924694
-0.0530753258777636
-0.039910058160423
-0.0198583621528741
-0.00183603913050234
0.0019642645534077
0.00461135067973117
0.0310384036733424
0.0561046402668453
0.0911271985336413
0.0849930232381766
0.0688615226958333
0.0930498712616128
0.0926222248631845
0.0958996234360114
0.104974468817062
0.126362371689318
0.123611841597075
0.107529935198478
0.132880814373451
0.0942108039977754
0.0681519921996596
0.0458143159364184
0.0268644392465092
0.0207177082112295
0.0162091408492699
0.0163800257426132
0.0153499960572461
0.0126451357955162
0.00954654713454772
0.00671029986601468
0.00991682821689466
0.0115616677681061
0.0100426335568429
0.0106665269685493
0.00914681117905758
0.0098991343091086
0.0105847330316635
0.0127699504452394
0.0122492118254556
0.0113778137547484
0.0074220999657939
0.00461723785124946
0.00420657878720476
0.00239677581994613
0.00238373413299797
0.0022400174248034
0.00203485715030638
0.00116398168062659
-0.422072332506467
-0.422396922121614
-0.423483209256645
-0.421538513820288
-0.417760412300545
-0.417137235607562
-0.417771689253961
-0.411326518588183
-0.412307541670259
-0.420938992421029
-0.41223324535467
-0.340976009721118
-0.131171693374299
-0.140717426193447
-0.0715367390107886
-0.0462802510263316
0.0112947759205113
-0.0162721320559243
-0.11351327266275
-0.134000501307554
-0.0651504170289172
-0.0742447734210074
-0.074499347409855
-0.0542314167652194
-0.030336431680567
0.00835326030708927
0.0237322196766598
0.0320733613502853
0.0382244969935002
0.0415904708632979
0.0384811751098795
0.0433133391835554
0.0407999496582789
0.0343781740803308
0.0334007302475499
0.0305603432778625
0.0274216368685671
0.0244269269044324
0.0162456882748145
0.00524513310499231
0.0426630998628568
-0.0171671063519199
0.0543091253379515
0.0455545451439932
0.0282535726865945
0.0227850476092044
0.0224934186126191
0.0257163446905722
0.0223055324062074
0.0138596128818946
0.00809262457853066
0.0107488184817939
0.00598115664811871
0.00383006949819986
0.00697423689405952
0.00563096745873537
0.00303649955132101
0.00661510599446302
0.00810678173685631
0.00629067094197922
0.00571959510520514
0.00573082925943424
0.00676591351692934
0.00692097578826179
0.00441647918447075
0.00249611836733266
0.00343191006455612
0.00136862757412359
0.0021262521758274
0.00129360416185165
-0.39746126235211
-0.396892620277356
-0.395315333006288
-0.39314830215546
-0.38822600264772
-0.386142263539725
-0.385304398880798
-0.381465785992631
-0.382212291659499
-0.390641066433567
-0.406034135243914
-0.429235011415869
-0.196193973620311
-0.238858853630305
-0.241306503151108
-0.227470984689667
-0.217713460996968
-0.209393815016142
-0.158490579457293
-0.0968392742632886
0.0124049343497532
-0.0415149463762106
-0.00765458182124945
0.0228976577652986
0.0410134318729689
0.0451070979070849
0.039278156635028
0.045086905844208
0.0507164048877939
0.0629538261954181
0.0546686687138589
0.0509960000771272
0.0435981387522233
0.0346009965898375
0.0313314898888279
0.0321935003941292
0.0331916245402937
0.0230499888234803
0.0109777856760473
-0.00252294313747825
0.0209670384123584
0.0782989513527284
0.0630125834789084
0.0428211174124442
0.0287933367896755
0.0172614031479554
0.0125585797727723
0.0077184835086257
0.00671281766385334
0.012300632702015
0.0116166066765047
0.0104526028581873
0.00847718920014273
0.0115565667159316
0.0121993757203924
0.0119288905171331
0.00735023392682876
0.00695475367108145
0.00741389993513053
0.00371572950576393
0.00300909601268273
0.00400237473535725
0.00497773318473094
0.00505973420111161
0.00579897297778587
0.0055448344870257
0.00555413620752176
0.00441643899770838
0.00429167672468367
0.00535036769796449
-0.429392893845645
-0.429968116888368
-0.432886158378899
-0.424872469202796
-0.420706191731924
-0.416449178920345
-0.412592532801206
-0.408709336314715
-0.409235448545374
-0.411737995766543
-0.404789931325318
-0.366345540003941
-0.357848416712628
-0.278117554956353
-0.222845348579895
-0.197711207174549
-0.177069307996625
-0.154872534125246
-0.0728675234785285
-0.044729174482363
-0.0320208842904535
-0.0241990242369496
0.00781721729571672
0.0238355821628815
0.0683860284879998
0.0677377773922458
0.0583173324844282
0.051887210998494
0.100311662691311
0.0921451108973201
0.0780296308328587
0.0765639861711804
0.0880333830499964
0.0933603235959879
0.0972791718384443
0.10542392868448
0.108278814165594
0.148037681956289
0.141142227386645
0.16433946711755
0.0982717838692366
0.0221975376934367
0.00164810639751778
0.00284851853972867
0.0309076289628081
0.017062573700251
0.0130579051750175
0.0151280908603724
0.0194567907642877
0.0161981848343444
0.0125760191036761
0.00923217736837501
0.00927220804517503
0.0060851908427253
0.0029645471259272
0.00677409977048171
0.0090457369814132
0.00990056819492224
0.00932474936747951
0.00853203791564283
0.00800149472302536
0.00703076741001496
0.00501497307727305
0.00609579433927365
0.00545356602324176
0.00443363801741725
0.0035144110958214
0.0044068683216949
0.00329831876987186
0.00431429911551362
0.00455605377154455
-0.324279385638157
-0.325314910823145
-0.326662307065405
-0.325219450675398
-0.32076778800468
-0.319527638188227
-0.317797717138198
-0.310583920251062
-0.312286624984921
-0.295794399382856
-0.264119667100985
-0.0946978583674891
-0.0776956608130135
-0.0935542381064565
-0.0627995077931942
-0.0238678491012863
-0.0154260093660668
-0.000943221153619334
-0.00624423824680065
-0.00608738232527628
-0.000496458565692137
0.0296693765197915
0.0589719424147575
0.0730321536660057
0.0652303918294095
0.0816296190228059
0.0868645562281927
0.11525746367586
0.123434468645833
0.106088579192594
0.131613374406115
0.138222277416439
0.140915956675158
0.163888360446116
0.198536415226592
0.187399187548756
0.136470276411188
0.14107364571646
0.144385384534708
0.0991510623766914
0.083691098367197
0.077905601119177
-0.000356509142221739
0.00613332628099528
0.0179730013787349
0.0252582169156668
0.0165094660529803
0.0144959343252822
0.0160126220007299
0.0116249278033322
0.00951342779669773
0.00517613092349478
0.00292777058702143
0.00596463021553006
0.00879128543846974
0.010859857186226
0.0123562287798933
0.0141983409147102
0.0108415044993251
0.0100129670879596
0.00966201185169524
0.00871325110347243
0.00771234277436861
0.00788414750385158
0.00411183105651247
0.00316667163163942
0.0022538402582839
0.00219584537032347
0.00203421449895558
0.00114977059782717
-0.364349178228878
-0.36494162380751
-0.366841859239415
-0.363127913567084
-0.359124763917528
-0.354323926426218
-0.352890755002186
-0.349144748713016
-0.349293159604088
-0.353991961355007
-0.364952289083242
-0.385053887110956
-0.420402638627081
-0.40749670802979
-0.197133037698364
-0.166003630619215
-0.151547196090767
-0.120445456898807
-0.0990330664196222
-0.06667935072322
-0.0618524033317982
-0.041899484661684
-0.0221920820571597
0.0174084466510038
0.0275817710736703
0.0448399235984525
0.0537402352505083
0.0779731268517523
0.0808881304635776
0.0946468995573468
0.116372615066382
0.129973477417202
0.135258290774559
0.147135630599678
0.151333131746554
0.171190780096723
0.172240959376758
0.185327844763968
0.178440518333353
0.133468867264405
0.0930511712106039
0.084236552078913
0.0360136997147578
0.00621375770959531
0.00622261724554107
-0.000816758086592984
-0.00714811409712013
0.0115166492718188
0.0110240303929316
0.0161852765595185
0.0124330829462096
0.00798306221861367
0.00859388009435946
0.00880201929633984
0.0119352988734818
0.0101738299585961
0.00878862659958202
0.00681198210773459
0.00246992954892278
0.000789001302457848
0.00150860748423298
-0.00118046260019611
-0.00627428983405309
-0.0052494598202415
-0.0039373571833039
-0.00387734499358316
-0.00274865763105225
-0.000714742874343699
-0.000800537502627208
-0.000591294065337422
-0.542365394524744
-0.541012572352464
-0.545913783919232
-0.522993828092545
-0.432636583675233
-0.330805923576591
-0.298002217865388
-0.281744577071265
-0.301161606037716
-0.307616155146114
-0.28668246543215
-0.300477698177907
-0.295186209200963
-0.272207414937725
-0.228996983450408
-0.225629948300323
-0.192422458387966
-0.1559031020875
-0.134060059444877
-0.117470966395338
-0.0930375920624087
-0.0734087681108022
-0.0354181100507489
-0.00581400649773656
0.0207560110715406
0.06682936958601
0.0679941077450792
0.106411691896838
0.116495667496984
0.134697877288041
0.134879326165354
0.139522804061663
0.147489470835495
0.147527676039502
0.179343937036812
0.175696820903426
0.163146846275083
0.180897089288258
0.18245349382763
0.169167457490637
0.167516507488784
0.0950030589695743
0.0572527781517991
0.0448797753930847
0.0573232876607506
0.0517631504083198
0.0435923723697869
0.0501889034297704
0.048411530319342
0.0442700715767685
0.0397317515456095
0.0345674859909479
0.0322912965723177
0.0341253647469486
0.0384906902352782
0.0364637245868522
0.036025518298807
0.0301970929415418
0.0270955374064386
0.0250834128221769
0.0206284976478202
0.0181254415573804
0.0176333262491752
0.0181064979039149
0.0183179698677804
0.0178217695565692
0.0197637064925615
0.0187251211992603
0.0181031851839037
0.0169899419360604
-0.412946702986261
-0.411957775967281
-0.416310275111336
-0.424717195027419
-0.435359026689753
-0.438444183467936
-0.433874058709435
-0.436775474398338
-0.31560754539565
-0.216793025861499
-0.170371787695139
-0.143286525124822
-0.112581531368271
-0.0991614902510065
-0.07849663644906
-0.0681327887572465
-0.0544271304149504
-0.0344960090077677
-0.0177722510089922
0.000958242140534082
0.0164383971959552
0.0335487319597547
0.0587168452112934
0.0713858566041381
0.0861599867206095
0.101419471367677
0.109509345185373
0.123940679935103
0.137883751082661
0.138588034229883
0.142163302153257
0.139249820825967
0.15071165189881
0.163617112632032
0.163186483718576
0.157694558020992
0.178954102690788
0.15808966347673
0.165223476758847
0.207251777315818
0.154762598189016
0.128307388906194
0.0966612869820764
0.090308915759941
0.0634691871448823
0.0520691379433771
0.0503123275291415
0.0558666196491941
0.0569270524172438
0.0509445924167125
0.0459369262459646
0.0448504258218563
0.0410987982149109
0.0437993600751128
0.0401557680935127
0.0388634412203501
0.035806319699077
0.0321349984448887
0.0290092800289514
0.0270076098477006
0.0249823412556935
0.0228925198523839
0.0223376736487069
0.0187998410287022
0.0192311261403049
0.0185179443778267
0.0174925076434178
0.0164033533834669
0.0148670028267048
0.0136752952434449
-0.597012729106808
-0.596906019155007
-0.597242531638038
-0.597170633829755
-0.598214660276611
-0.600959215246299
-0.602007004779104
-0.599001421298532
-0.56126050421372
-0.475681288942326
-0.408125746867924
-0.342891869044976
-0.296860025351727
-0.261789116312151
-0.229968774860993
-0.196255952087583
-0.137204496182981
-0.103557967357247
-0.0856295126216011
-0.0599139764941725
-0.0308977331841902
0.010553598838392
0.0262986187492089
0.0663497322866746
0.0948899984949918
0.0919617288499381
0.107498966598286
0.102389573011969
0.0989003404698536
0.107119036944752
0.1086286060711
0.101496007471269
0.0815602669105431
0.0836875119332561
0.0891804912080829
0.0821427772562089
0.0868683995196236
0.0825065431646905
0.0759633326770768
0.0668760589071411
0.0642155054309868
0.0505329936663585
0.0483400927679654
0.0393206055796043
0.0338468933463645
0.024602834310592
0.0298504291693007
0.0191527894676895
0.0172944478130503
0.0160818078637135
0.0199012928304825
0.0257626646977513
0.0226274300220908
0.031625619773898
0.032447369520618
0.032318844735947
0.0319826696647141
0.0356217133530805
0.0295370402644366
0.0291099787849163
0.0192410694769976
0.0129623823525762
0.0123686537785801
0.0174429070628932
0.00971344449865086
0.00844680324568259
0.0122087263432249
0.013585326171075
0.0124898466526133
0.00964718723911773
0.00898389795917609
0.00999610197354173
-0.575752870468428
-0.575971372870754
-0.575970512931754
-0.576483621359216
-0.579048147665425
-0.582096716311327
-0.583771062484026
-0.581467854173482
-0.578987706300865
-0.430832907127254
-0.427176197006169
-0.342210977453469
-0.27994260712267
-0.239837981513155
-0.225637331213591
-0.189404129602536
-0.117631853463806
-0.0982355476934273
-0.0718045960910771
-0.0460878714015394
-0.0340390587325246
-0.000628953922287678
0.0161636841716017
0.0379878755160306
0.0552999133354604
0.0632591252868195
0.0896021486324159
0.0983015404161023
0.0947203252464206
0.0920645252168626
0.0991612780953304
0.0955648640845936
0.0838803128533812
0.0838159745431639
0.0866895782576407
0.073177107066094
0.0805148609347839
0.0648587654766644
0.0607806344349626
0.0458773204713836
0.0477441569172328
0.0447558391115592
0.049207836574972
0.0459895623768247
0.0470035140115783
0.039718862956704
0.034284387625263
0.0346740990816983
0.0346180854799485
0.0316385180929544
0.036317629552876
0.0358660136477766
0.0356402370812106
0.0324717271321262
0.0312009037678251
0.0287872535939613
0.0285406936748061
0.0300398650296927
0.0291895842457919
0.0267222990092719
0.0197395152621738
0.0151172488625306
0.0146719002726741
0.0155480867027791
0.0137744581815298
0.0113969221427581
0.0120290749362013
0.0112890446036005
0.0151197808470585
0.0161275458190246
0.0155484504075503
0.0141711713501422
-0.445809951024778
-0.446242428669045
-0.447995914803982
-0.450106067983633
-0.452037851069655
-0.455585990679815
-0.459504605780857
-0.46237478338297
-0.435411941108917
-0.428588314973034
-0.329942604529386
-0.280071097474433
-0.25949119886107
-0.208489703239678
-0.166307722400752
-0.0804322494035716
-0.0199191352782009
0.00136035504168319
0.0199357686242081
0.0570774558791882
0.0739351758976241
0.0660340492888309
0.0641022996533351
0.0837768489740185
0.0886737067146584
0.105472328098848
0.123598071396749
0.149343996520415
0.141053073907322
0.134285397808256
0.128813714361215
0.107671493180781
0.0972785972726129
0.0970570800870192
0.0893246424231364
0.0848406378246054
0.0761353782736975
0.0765429972357197
0.0716450049062303
0.0558618252376988
0.0496915994883338
0.0416582627807358
0.0447260318856664
0.0428583998491945
0.0395493514593923
0.038515371002525
0.0359565004907338
0.0294738475999878
0.0346090670167385
0.0296251012699074
0.0312527483734826
0.0323220708323788
0.0410864962176731
0.0376048537156137
0.0420810292622491
0.0456540054882453
0.0435436819780222
0.0399599345113444
0.0329353342949545
0.0273768473376492
0.0255116911476563
0.0218854398897648
0.0220187419109763
0.0218995601637033
0.018845986665049
0.0163587310118487
0.0189707410807216
0.0131014626761328
0.0107521188706414
0.00773676541700041
0.00708145141352645
0.00496435623666969
-0.417183534817127
-0.416965208030007
-0.416029887414545
-0.418403934541928
-0.418690890796675
-0.394293983057487
-0.396176843143415
-0.400400343318744
-0.402507576280883
-0.41303692401744
-0.281974317299422
-0.240039048520096
-0.228736431361966
-0.19200858483417
-0.140871481651708
-0.126667615118755
-0.109637588456891
-0.0734194365949463
-0.0467624508611948
-0.0334275317619088
-0.0187557800263534
-0.000670613633090511
0.0256760377839811
0.0651782695514669
0.0705395248842109
0.0796961588482361
0.0888509738330683
0.0859198975060806
0.0771187136628768
0.0721049327448426
0.0643901657292005
0.0508942064520141
0.0472328020527968
0.0465000645436149
0.0447469356590844
0.0472739973015948
0.0417776867757098
0.0309086736791357
0.0339749058595515
0.0325324696178555
0.0316332030797497
0.0270004018237202
0.0216831418190395
0.0245751318128811
0.0144191593594627
0.0163036992664374
0.0191515457326474
0.0157214414812685
0.0201163842426055
0.0248676414299283
0.0276797489781444
0.0265754806248424
0.0339264920629105
0.0370469572521941
0.0276197969647782
0.0270542643723104
0.0279352857906474
0.0295678547221883
0.0303450952739439
0.0267945332846651
0.020689853355421
0.01389260952444
0.0161998592289194
0.0138810444843998
0.00972285214301394
0.00717710746850742
0.00653732032392895
0.00467188235003846
0.00328502690582866
0.00619866540942127
0.00648270841274723
0.00595542262773563
-0.476719441299693
-0.477610119110608
-0.477075120442493
-0.464795057793175
-0.460003840093428
-0.461678508234797
-0.461747354539128
-0.456558016628357
-0.456933657391268
-0.471652486272603
-0.46378763771186
-0.346244627797631
-0.231932538157601
-0.178489941506754
-0.156383691023301
-0.139970019197982
-0.136637351087025
-0.122752495500883
-0.105154367028504
-0.0857805179764171
-0.0835007008600215
-0.0604010335926404
-0.0352684183876519
0.0144924267064823
0.0380615041017549
0.0657950602648327
0.0776376846616387
0.0803768049959288
0.0786315410485656
0.0810434903043742
0.0826766928684819
0.0708761992864169
0.0697814238955132
0.0708410517055995
0.0679627057559813
0.0585803237050442
0.054151658527978
0.0527890122912709
0.0515598089724705
0.0432526794602524
0.0340028074830059
0.0282169789375288
0.0262615021052
0.0292669092761244
0.0254529963869103
0.0203063449280378
0.0192314616873119
0.0207373629085765
0.0194705848648837
0.0170974936122406
0.0218437764694386
0.0204151453054067
0.0216224753441594
0.0196334377708567
0.0179814670927385
0.0145042217274636
0.0173191837521287
0.0177691621509268
0.0198352052565269
0.0201677391322477
0.0150144475328275
0.0101372981929089
0.0121824293166455
0.00786084390536246
0.0055771315458486
0.00190337169212995
0.000118234663766259
0.003193863880945
0.0026070376772438
0.00257746317957697
0.00285664623437754
0.00259374957428804
-0.323411215089799
-0.326018987570819
-0.328789800146779
-0.338643466741892
-0.339709851867518
-0.339007013434632
-0.337480599918678
-0.33169314845555
-0.337587027134795
-0.331998032437234
-0.292720137156415
-0.26553735486808
-0.301484405601613
-0.332532021270929
-0.321174835883554
-0.312553519504725
-0.296544968154414
-0.271962170782494
-0.242043949445922
-0.196644362634316
-0.17005161456435
-0.152747142070027
-0.12206105547908
-0.101163540536511
-0.0643860933878244
-0.0155221493657933
-0.00259890161799348
-0.0188998330580787
0.00447071739004912
0.0214521874156333
0.0395907997016138
0.034479434356669
0.0269059242620671
0.0295345686065005
0.017557092738322
0.00907952446198124
0.0151523258431752
0.0176359568920503
-0.00134045520550785
-0.0167644008095564
-0.00571801337665079
-0.0148608205446195
-0.0142650550536132
-0.00964906345799932
-0.0126348912461935
-0.00504752628850014
-0.00832298401791576
-0.00354781763432044
0.000188059778785998
0.00112426343201832
-0.00312475489531039
-0.00368729072872753
0.00031782368261446
-0.00274464596925839
-0.000572018590204948
-0.00093605104969896
0.00182864841991659
0.000593877884419669
0.00148645911698253
0.00989344890459165
0.0176006838138463
0.0196177487515072
0.017757561509228
0.0173409676176774
0.0149802692329928
0.0122074275957189
0.010244220713318
0.0101772564293867
0.00849688209697774
0.00433505020118474
0.00268528425964831
0.00398738083616479
-0.42493145997625
-0.426594916991355
-0.427617967760362
-0.428491162668415
-0.386473452244132
-0.346562463990146
-0.318934326281621
-0.305008711559623
-0.273362404858908
-0.223697043308057
-0.208966372960262
-0.223132811748826
-0.221504180958192
-0.330541432103757
-0.32331284746796
-0.282842944175819
-0.275197018744102
-0.260880285253073
-0.245887837205892
-0.231306657719493
-0.214585485563674
-0.201957212688555
-0.155126281326915
-0.0919702757765535
-0.0562772139018222
-0.0458218165101343
-0.0268603145870046
-0.0271811029840165
-0.0223835585264354
0.0100159262037494
0.0315615533536899
0.0233868461503093
0.0215463453473745
0.0368601333170275
0.033283247568157
0.026612703912491
0.0218850224626692
0.0265110010799674
0.0246279223301826
0.0177054963952727
0.0100645398705197
0.00785693854739122
0.0196355324109092
0.0152395724001408
0.0127001973494671
0.00973888793409117
0.0133008488955468
0.0202859339380836
0.00800856340548961
0.00207436970599417
-0.00109658262937273
-0.00160072143707879
0.000228394263089626
-0.00187287103808131
-0.00173092129497121
-0.000251515619339671
-0.00112467518108872
0.00653179624132605
0.00866850169442301
0.00184374026743228
0.00278274171472503
-0.00228091858256363
-0.00713879748003166
-0.00757341347833318
-0.00697416166025988
-0.00665834017731015
0.000373599389163815
-0.00277514535137868
-0.00443717909804064
-0.00666577911772492
-0.004286638797943
-0.00301564394144549
0.181789497389246
0.181917216908559
0.179676674460026
0.177604835878569
0.169680882225997
0.116644437760883
0.0874652115324821
0.0495776554605243
0.0443988594362992
0.0301929034071335
0.0133763117778187
-0.00841609138077359
-0.072504810990516
-0.0587126785761072
-0.11452735418915
-0.0887877612434949
-0.173243192587776
-0.191381930630449
-0.234446360358895
-0.0919065416278642
-0.168377658720267
-0.0590457410022864
-0.00558180302322597
-0.0525652460269441
-0.0231445864945741
0.0422146728736266
0.0173343750086516
0.0356660888892577
0.0242195723777101
-0.0230216003110826
-0.0334444175112765
-0.0204501884816182
-0.00975094779819585
0.00036042128429159
0.00497026159887781
-0.00612361409710616
-0.00310185990276324
-0.000237258501947224
-0.00686563437371035
0.0157215501059298
0.0127329726355399
0.0197896609269534
0.019757528526064
0.0187266558012453
0.0104182787019411
-0.00111782009031458
-0.00590128788291366
-0.000889938405585156
0.00220622835717421
0.0110601387131766
0.0127095853527095
0.0100410144028587
0.00977622467764405
-0.000360056596072411
-0.00523157318638567
-0.00463241459519281
-0.00656148029843706
0.00206490696046302
0.0022545124803699
0.00268015754800643
-0.00268899542578538
0.00340615768305952
-0.00478407128392178
0.000898551412603865
0.000361362299912571
-0.00327209574584231
0.000702554226826635
0.00345254058134969
-0.00128571480283313
-0.00145329153823326
-0.0020178577193164
-0.00150191350398643
-0.31198219312347
-0.31804683447951
-0.320380549513963
-0.309179780685888
-0.314401187102348
-0.310712659947292
-0.308261628336687
-0.251215138394642
-0.22520607931893
-0.128565137550879
-0.0965822479931049
-0.0920811376940875
-0.10350610635642
-0.139570962630565
-0.171086800871869
-0.236668061056498
-0.198816759654243
-0.143701153884358
-0.159481456793515
-0.0916783099158707
-0.0680176086442899
-0.0542604539899045
-0.0282124696250321
-0.00705817837746991
0.00146217611538191
0.0291792430022255
0.0243755937747494
0.0143269761629696
0.000251532041211533
0.0148356801931158
0.0649879410362857
0.0627196713636309
0.0521739114266282
0.0106781509877862
-0.0170405054093976
-0.00662939657587458
-0.0139349606765222
-0.0183417598962095
-0.00778379750467195
-0.013603380789732
-0.0114436957105681
-0.00290180205707458
0.0133112101151198
0.011378918921217
0.0121646680186558
0.00830020563072509
0.00860181948473127
0.00506122566718403
0.00391894980137408
0.00311098428891654
0.00929182694938646
0.00223117660852523
-7.24216835621405e-05
0.00608560244049983
0.0157352855063095
0.0133767711286055
0.0141243471686678
0.0179576320041903
0.0131178779759153
0.00921630871081902
0.00393838323709872
-0.00723032953229108
-0.0113808885357614
-0.0127043694286186
-0.0103090670287713
-0.00224331167526515
0.00151728511796989
0.00132637757317866
-0.000653120652529537
-0.00380503064018001
-0.00547538912037027
-0.00534889504472602
-0.154615451420661
-0.157642038974096
-0.158211296082023
-0.159075806141615
-0.162367986431072
-0.167552670804525
-0.172683834779725
-0.182109603913929
-0.193304970886409
-0.21230167584482
-0.233488811829957
-0.246557353740762
-0.206218441332645
-0.10984214748715
-0.0553101137146115
-0.0349477091051966
-0.0170582098246328
-0.0172702319864868
-0.00766158095949265
0.00224033477380203
0.00943443553947532
-0.0228005820412562
-0.0299580894510356
0.00300533089883714
0.0373449500379479
0.0752431268685285
0.128562657106222
0.132860513974251
0.111837579106599
0.103231526793557
0.108972661931034
0.0993527163257184
0.1033568276385
0.0958747916823626
0.0676791604067688
0.0587246532546857
0.0631425493761526
0.0633252425684887
0.0650476686537118
0.0590933870397023
0.0565841201494379
0.0447513712256296
0.0354328460138618
0.028487741253798
0.0191022413224431
0.0164588857216188
0.00693119698876643
-0.000883127753908752
-0.00674557581903201
-0.0148943728203079
-0.0216645359347964
-0.0281455869506999
-0.0350839574712722
-0.0452456590389261
-0.0500103911990948
-0.0541911387199292
-0.0552098895826418
-0.0586519986568064
-0.0584822886246528
-0.0312984223582475
-0.0245733659641516
-0.0110585863306554
0.00301432379638555
0.00378256493235085
0.00557900125996014
0.00331134493943352
0.0127987134341936
0.00906951090653507
0.0135267624747897
0.0136618833700624
0.0132228673144112
0.00985352913033921
-0.33514861116214
-0.334989265252062
-0.337605705969729
-0.317125008599675
-0.318152493795267
-0.282482747869963
-0.218739571319738
-0.223456111878768
-0.233055576064956
-0.245231358317753
-0.250442722963491
-0.159499225613949
-0.0531523003690069
-0.0293842123149162
-0.00840197662425624
0.0107048457515972
0.00974795232244219
0.0187283510944454
0.0141373763895558
0.0257614884429387
0.0439271921719637
0.0580550306892462
0.0670662762231373
0.0614365622490851
0.0422171731312204
0.0458616380296633
0.038347902962073
0.0506520273523847
0.0763158136479234
0.0891412481571763
0.12792118964822
0.111011090327096
0.114358296246571
0.133090916520914
0.105905691407052
0.0850410103775729
0.0721241049023504
0.0752694123495345
0.0734044492255563
0.0623093728075972
0.052704850773587
0.0442367635583309
0.0413886973211532
0.0300998185750601
0.0237949824302817
0.0157721255064729
0.00459578257994764
-0.00128789836693954
-0.00624467284082186
-0.0143161092438291
-0.018007032527585
-0.0237579876851441
-0.0308582815874487
-0.0333837636326635
-0.0321688731144931
-0.029495078094655
-0.0243666540305298
-0.0187925781310412
0.00320035253613327
0.0144579917253935
0.0281868367039166
0.0233891104047785
0.0165805607659735
0.0133554239694433
0.0130056098174904
0.011624343032679
0.00907277806246753
0.0112176844507701
0.0135954448656648
0.0116882470892747
0.0151686341506903
0.0124657204615986
-0.328103243362328
-0.330951823182538
-0.333203356786719
-0.336559523915923
-0.338187473880062
-0.343124407946249
-0.345734229735172
-0.35283310611684
-0.356864369200494
-0.323328504413432
-0.232685058474807
-0.137695811211415
-0.035477859191424
-0.0164223764810316
-0.0146354488112834
-0.0249840487212509
-0.0109556310662882
-0.0107047243496012
-0.0152903528776136
-0.0153111856970725
-0.0193561139121385
-0.00567021960869596
0.0213718888801537
0.0851079156472565
0.107153025639896
0.0936513011351323
0.115668249394638
0.113319757670602
0.124710051390501
0.11472397982876
0.113853585439443
0.106216768233452
0.0978086782309973
0.108020098638605
0.103146450023416
0.094750687279415
0.0966546942051991
0.090302920570231
0.0748707354773046
0.0708275218046097
0.0660544583481837
0.057625567440418
0.0497976950517085
0.044571293343445
0.043416457553306
0.0415537900558718
0.0379880087411024
0.0364022118073066
0.0313015553802032
0.0270221234982699
0.019996672128201
0.0162494483705942
0.0134719293404686
0.0140487898664787
0.0091061147935747
0.0108376134790902
0.00689150202358491
0.00630169491605415
0.00437826103341621
0.0216361823121574
0.0251726900273752
0.0192646966261876
0.0183856096993367
0.0190841652504119
0.0136424532137553
0.010195699624731
0.013484257135282
0.0124331005857172
0.0117349295948657
0.0127553014151687
0.014212415487286
0.014129201445563
-0.408709970944358
-0.407592457885599
-0.401812757554566
-0.40054097256732
-0.400060744554665
-0.404811925531142
-0.405950016383919
-0.410737125789545
-0.41811788335049
-0.432205625672452
-0.443950512777199
-0.457364122016401
-0.435801703664104
-0.231222604503934
-0.164874367662719
-0.0948337007184961
-0.086598368309545
-0.07930265976659
-0.0441383247869567
-0.0188931049498535
-0.0166126333281085
0.0221554254302205
0.0470169265495244
0.0791067858484951
0.102499580599968
0.112747492816624
0.113774082164163
0.100367458524481
0.100446171357838
0.109236138271378
0.108172706307343
0.0986707528180872
0.0843756331025887
0.106559369605165
0.0992351521827644
0.0840788106255488
0.076960753399149
0.0736085202136962
0.0672505493102022
0.0687321130244385
0.056322315996475
0.0439186495593304
0.0359127446852128
0.0354616244434851
0.0306179289402237
0.0264560313980056
0.0194764571470074
0.0191245379528482
0.0101831061776707
0.00397859851189253
0.00695960701824561
0.00970306730248183
0.0119775908624149
0.0131129731162858
0.0210834020325805
0.0174852292054624
0.0223930652293731
0.0231435921733336
0.0241743505753291
0.0290274492751408
0.0275890571496262
0.0200757455816003
0.0251026572513027
0.0196849827634864
0.0149338610166367
0.01223649703131
0.0141897198298153
0.0118670402549128
0.0129886056724473
0.00973474686512077
0.00906575455095293
0.00814003444018851
-0.267061707381274
-0.26821424373334
-0.268813467706622
-0.272097143171671
-0.27293534774946
-0.278734381380119
-0.280260910506641
-0.286629541354664
-0.293709847114876
-0.305162073863976
-0.322195098319362
-0.303767358334298
-0.170180022097774
-0.120061304097391
-0.0924322820048218
-0.0559163704361652
-0.0408273857110402
-0.030090913237558
-0.0287010730301134
-0.0206462004859773
0.0084226393524176
0.027234391543395
0.049406191615347
0.0632901952539981
0.0853719064510372
0.0887163349086038
0.114133621971675
0.118048410675279
0.132643934320342
0.13760706658227
0.130613933104613
0.122097579775641
0.118868123387159
0.122512640926104
0.103007074667694
0.0939540344449199
0.0833578861617994
0.0780479992740197
0.0789884354921071
0.0652849627698444
0.0553196754099119
0.0517560473424226
0.0492217873795084
0.0333926427128546
0.0245683273152864
0.0213206972835991
0.0173705867401424
0.0128642266284231
0.00862736178967083
0.00434889412734663
0.00733311203785547
0.00376953302931327
0.0029188017406625
0.00306068462894871
0.0278813839692731
0.0214394559276982
0.0243513203497159
0.0319789148533971
0.0299826289684546
0.0296980270533922
0.0231147026626317
0.0216049260002649
0.0195402021250288
0.0171780195543008
0.0123558688401104
0.0196008989615493
0.0145580912049468
0.0122886124282431
0.0113307611082902
0.0090206279019327
0.0103190006142526
0.0100543300546576
-0.416446348598953
-0.418462486458751
-0.419490739754622
-0.419497057340948
-0.423506277469549
-0.424436928524088
-0.426742880621525
-0.428399600085463
-0.430184191815677
-0.43294031063941
-0.435595789733142
-0.437081777046906
-0.440301827129339
-0.443458772524963
-0.44404353140196
-0.446245042168698
-0.44397135352704
-0.436700467782636
-0.442590291861372
-0.43745486130473
-0.444046143391049
-0.439685830018085
-0.443865391819216
-0.44781502288599
-0.448971434145705
-0.448199641660331
-0.447598734445997
-0.441989339183522
-0.433043592978528
-0.38548125887602
-0.300041232726493
-0.198061868263572
-0.176830925844328
-0.163751688099367
-0.143698916284862
-0.137131602932804
-0.135851167982196
-0.124433582591678
-0.109512038075081
-0.102891458185084
-0.0641429893577552
-0.0340235064994019
-0.00744533046893991
0.0166556621119867
0.0252695396582894
0.040529843066345
0.0569252187624727
0.070376887429866
0.0573773835445692
0.0988609308476995
0.101579590774648
0.0993774987645253
0.111194601328769
0.12007559142738
0.111553512124146
0.112100959820097
0.115520947452083
0.124354464651766
0.124134266275348
0.128422469784383
0.133664390499774
0.13580679788349
0.148234407780521
0.137160194538701
0.128502732332187
0.125361026642629
0.116171730296863
0.111678844000934
0.107136704147287
0.115248158707708
0.102879611373787
0.091066495072134
0.0667583573093609
0.0710552152149759
0.0665146380233921
0.0627660629433535
0.0575512830076406
0.0489958031936197
0.0531209196140239
0.0552082331642154
0.0486983061267878
0.0492241159823195
0.0440658625191901
0.0406294200972681
0.0410438188467381
0.0428906027846452
0.0467002044688414
0.0434886121232054
0.0441785370491914
0.0434887577286318
0.0488911265280834
0.0517992503268516
0.0468050194413223
0.043734355452429
0.0362754963472298
0.0304824178545431
0.0252034239820631
0.0247166308001852
0.0272589283475213
0.0270662121940362
0.0232689872645793
0.0228063356423291
0.0166830667705398
0.013008089150631
0.0126685044978103
0.0111608913470178
0.014190245054678
0.0139544314681075
0.012063034258766
0.0120380247294065
0.0140548336354129
0.0141406577268128
0.0143406366067254
0.0121619969456646
0.0120625140679351
-0.637439489242404
-0.636235905033011
-0.641016698577744
-0.634781908090048
-0.640536302007945
-0.641279918544868
-0.640017068375151
-0.639748247475907
-0.639476149089845
-0.639202917143287
-0.638842663017869
-0.634672822045303
-0.630987089043074
-0.630027098404831
-0.62765262679401
-0.623954937765994
-0.616926081116482
-0.603846646693107
-0.588062749434258
-0.568398624066525
-0.559218952873053
-0.601010600527637
-0.66062940982961
-0.55153896724083
-0.436068995125154
-0.307550020446975
-0.264750077783262
-0.229872147174795
-0.203979898897408
-0.184750832833281
-0.135182235714112
-0.0401913729531813
0.0580426628765309
0.101653182963425
0.130180331859719
0.155495814239693
0.183656561324966
0.233690314794494
0.253552755052013
0.261595859153161
0.264229112026676
0.265199581559131
0.257242019170498
0.244794869338762
0.236150535081947
0.230187312934042
0.226244480417151
0.219079016097794
0.207175664333953
0.198674638219266
0.188688552669554
0.177818127057584
0.167978303522162
0.155095583431773
0.146990824692431
0.141361163052196
0.13212484417938
0.125177048904504
0.120701250719002
0.116410520803178
0.113186609014868
0.110809393677854
0.105808023190811
0.0988649995506634
0.0928643720807614
0.0896095237255068
0.0858951704380502
0.0840165850638144
0.0822218921569586
0.0802025225687331
0.0775463626857942
0.0755843278441475
0.0731396225313077
0.0717506550226688
0.0690182415411584
0.0676106983943043
0.0651879764282768
0.0622231170571297
0.0597630831403393
0.0575133654029969
0.0584701439533575
0.058242184815775
0.0616804442736054
0.059454434080962
0.0652519408163741
0.0580635788178938
0.0608881841311089
0.0597296587195473
0.057341827537158
0.0652411037193446
0.0597899874255958
0.0585973618580056
0.0599733770813629
0.0586186851608588
0.0560063165968359
0.054454528099086
0.0535241487885756
0.0505135322075532
0.0480811089655404
0.0479427344340522
0.0474089873146255
0.0466910788630486
0.0450687059186734
0.043989370334927
0.0440394538125446
0.0439967715174348
0.0438744370574327
0.043148065533309
0.041103601850125
0.0399650963582801
0.0404242469093248
-0.473964900409676
-0.474629065128674
-0.474947256248385
-0.473749123751219
-0.478324585482142
-0.481964864167637
-0.48728061959406
-0.493467027482644
-0.497555226532988
-0.511459192964089
-0.520561269910118
-0.39744802438269
-0.236916988161184
-0.186902247686845
-0.167276040977292
-0.113020590380358
-0.0404594369478914
-0.00862883739230824
0.0243948884406677
0.0583620396320441
0.0908531060635482
0.105530719603927
0.129592979400094
0.157843187192576
0.168862200450732
0.181281920876081
0.185944529804615
0.200667696123844
0.204716949285562
0.201559098821967
0.19845123746763
0.21287519739942
0.215838329192771
0.225705932240182
0.218408719468734
0.221041997212602
0.217521200734232
0.208749117659913
0.200745479485981
0.180459910864577
0.160852427184764
0.130256557113199
0.102245393684839
0.0894696882625112
0.0789057003466525
0.0709228914131828
0.0716591525936607
0.0768754588073151
0.0686137652432848
0.0628126196981569
0.055137910533837
0.0494242863102485
0.0429446473383024
0.0475558042063184
0.0426394323632167
0.0444500887230461
0.0404521329586487
0.0430426281392613
0.0398130495065985
0.0382077481393495
0.0358861761760991
0.0351552397516244
0.0352254754203685
0.0358076033696122
0.0348185495656921
0.0317283336053507
0.0285496165041366
0.0273181193613254
0.0255019343810829
0.0231455156721339
-0.501309573614733
-0.503053474119653
-0.504286253494534
-0.507929088710881
-0.503148143434345
-0.501896229560451
-0.503315851433086
-0.50847572611864
-0.510520464303831
-0.521226980004158
-0.524402305456725
-0.534314642640076
-0.535905373039128
-0.461786202076951
-0.241007983118671
-0.16627581836017
-0.0589143517312465
-0.00232600553886186
0.0163484885536178
0.0569410693860064
0.0783401554676644
0.108709584424325
0.138879872531369
0.161487947917081
0.169484578924283
0.180130350554208
0.188460026313869
0.195507227960668
0.196508927917847
0.196747379694614
0.214240430136392
0.219813089927953
0.218917176247288
0.211489307304376
0.210919206290221
0.216102414612749
0.20670680077059
0.199161060468896
0.194924107767029
0.183964188260148
0.164343451021729
0.12810656020892
0.103348356183126
0.0760078053153848
0.0666405071256051
0.0518723133017787
0.051237114213194
0.0581236493596933
0.0633432042482127
0.0582695685705374
0.0549512439989215
0.0443542420213063
0.0439764544230101
0.0456861569439511
0.0468484427684857
0.0469453206420027
0.0429259246424039
0.0427785907604701
0.0423417969738722
0.0396672427075444
0.0393346732466497
0.0382173846537697
0.0357675416804994
0.0331497824005709
0.0302488557481126
0.0290448573400255
0.0280177709927543
0.0277740534419735
0.0260045786513956
0.0246303691197198
-0.476629490155112
-0.47669370225703
-0.479482485355341
-0.482384857196401
-0.485648207429662
-0.488454839466279
-0.492784864751279
-0.496809310641538
-0.500139648974155
-0.512155742333746
-0.520217133624179
-0.529666857347877
-0.53711076289629
-0.542642588803233
-0.450977879124835
-0.293103030396274
-0.174810214933899
-0.0934667556785271
-0.0611258964447217
-0.00710397741627133
0.0426356595866082
0.0762445937559235
0.125116858337257
0.142481919778476
0.146676649038518
0.168868574297335
0.177477394578894
0.182188314396072
0.17903887889333
0.179842444899492
0.190182287403552
0.200948417931755
0.201356327870243
0.203060592284785
0.20779391856238
0.207816096999771
0.200211752240982
0.196171153244521
0.184739995097239
0.178631327311358
0.150388891599718
0.124152034322115
0.110624367465512
0.10508200549809
0.0937504895878334
0.078144043405068
0.0766045343679309
0.0671357361682468
0.0629530647007854
0.0639252077202386
0.057547087511189
0.0538242286096207
0.0479879780539818
0.0498659500930003
0.0447810665876887
0.0447372244589204
0.0406265487547159
0.0384767619402808
0.0370372963013992
0.0343098267642361
0.0308860039219709
0.0329504014019264
0.0333437521378173
0.0297552740818574
0.0296609875969907
0.0267198684704937
0.0273705236690134
0.026246038090413
0.0242877408289672
0.0239379062673777
0.0241637826838499
-0.492323474831288
-0.493253600373642
-0.494827736315315
-0.497082439535866
-0.499264836946459
-0.500652097612637
-0.503636498895816
-0.507674624412324
-0.509617111605394
-0.518507064218241
-0.52187647210296
-0.526806263720168
-0.453530769044221
-0.196922321754698
-0.0747740642831189
-0.000569732698686209
0.0589115324736227
0.0685783757542637
0.0796113064596184
0.10594664942716
0.141099336979117
0.153381886355881
0.169167433850994
0.190448198538412
0.195643047860585
0.206617964851183
0.200274562841507
0.211416930329918
0.216944891651266
0.216663482646197
0.239616268134696
0.241327118092514
0.246027453984823
0.250439859418471
0.248517146715351
0.249862328571162
0.247555435737908
0.241403279087983
0.227676630481156
0.213143618074433
0.18089583488797
0.144352103657923
0.11896685450116
0.10457959628291
0.0886779782399572
0.0783940222308175
0.0839633385169236
0.0769917555493933
0.0739337503544135
0.0677337202628436
0.0599185190549036
0.0550682663796991
0.0492273473296621
0.047834046289573
0.0440512495405514
0.0401298691594576
0.0391414294489394
0.0425047183878888
0.0406152168090017
0.0378148454201721
0.0373377830741148
0.0375197086927486
0.0357984677899594
0.0352655574084153
0.0331404232788088
0.028931681372363
0.0288277318936707
0.0277106296110148
0.0249262578362632
0.0254737204456319
-0.560243256954124
-0.559989249522957
-0.561848326415586
-0.55938083567694
-0.550411203933272
-0.541738356480927
-0.541732678900523
-0.54275424708932
-0.541105707715367
-0.543389590396529
-0.540257527530088
-0.541318891490818
-0.535796420469197
-0.497624237113826
-0.171548842533554
-0.0775696226876477
-0.0422990535694936
-0.0225477434671646
0.01423301461341
0.0344481199922981
0.0531294170841292
0.101472189073917
0.128323034240438
0.146847054319238
0.153740892874033
0.160502517564701
0.176959173662418
0.177153936167116
0.179096083304458
0.172838088336249
0.190719422980202
0.207932936877626
0.199961774191159
0.202236213540353
0.196704052748835
0.20345744471102
0.197641740074516
0.190904672810937
0.177372008441345
0.14978000561328
0.132640655997854
0.107225465613574
0.0848044701834922
0.0699037650058187
0.0608171213935478
0.0515274142130906
0.0481643563389795
0.0515756613220049
0.0544186606742514
0.0469455683907398
0.0421855571564222
0.0418162269421885
0.0377860955524909
0.0372615419759441
0.0349194669585984
0.0319481712847676
0.0282426358604297
0.0292390935289788
0.028040453956784
0.0283487944652236
0.0334246866264394
0.0346100727520948
0.033184344313959
0.0325816642586716
0.0293757436359812
0.026253303791826
0.0262541837889003
0.025354485704959
0.0235901922952664
0.0232936749590777
-0.655122326283852
-0.655715525604272
-0.655248365274382
-0.653767052912961
-0.653272453916983
-0.652767081632632
-0.652252900089699
-0.651731873317992
-0.651205965347309
-0.650677140207428
-0.650617332959591
-0.648565836903124
-0.648531258537652
-0.647526049973216
-0.646560464620542
-0.644644251856242
-0.643777586026886
-0.642959845400789
-0.642189858237934
-0.641466452798248
-0.640791776769639
-0.640185680576948
-0.639673892296116
-0.639282143893539
-0.639036167335625
-0.638952410504011
-0.638993850797704
-0.63910436229412
-0.639227795190912
-0.639307999685727
-0.639295644124644
-0.639183837698617
-0.638981992875742
-0.638699555889147
-0.638345972971898
-0.637904619602523
-0.637428423679118
-0.636824309491047
-0.63609051396282
-0.634202988114204
-0.633146170177795
-0.631980068453572
-0.629793627852315
-0.627686285243605
-0.618746613239217
-0.588051118376143
-0.558544299258763
-0.54010828343042
-0.497630468304209
-0.443990957592014
-0.423092940169667
-0.35994009659737
-0.299605187884644
-0.272162052133815
-0.229681597759736
-0.21223663743168
-0.182902610411354
-0.158762957099903
-0.152895719448125
-0.141387820022075
-0.128354546002093
-0.123326938286304
-0.117069023549071
-0.115354831891622
-0.114951893171146
-0.113512265054709
-0.118413175012321
-0.121220783278531
-0.126508584075715
-0.131827276360191
-0.13883577377203
-0.133300619519865
-0.129742552494591
-0.127688960991186
-0.115677090482293
-0.114200879820345
-0.112430119137692
-0.1082717048129
-0.107638066586922
-0.109437850021123
-0.111577459666997
-0.1120500787789
-0.109887688576976
-0.104135093277051
-0.0988305358156296
-0.0960122707084494
-0.0927035266108192
-0.0849135860982102
-0.0776463648008345
-0.068905808866468
-0.0597109210772189
-0.0551625853334485
-0.0514574660361973
-0.0507840850226202
-0.0423381052432106
-0.0333038458217771
-0.021678870524859
-0.0122933108671006
-0.0089751517501
-0.00553879775321064
-0.000821033111890301
0.00621909898068651
0.0104778248175847
0.016843826561157
0.0252085329558085
0.0314673545194637
0.0375581364409356
0.0404661524692074
0.0431871628739202
0.0487054838329897
0.0510114637454961
0.052130351905312
0.0591205098868883
0.062043939255382
0.0639555004627184
0.0689195652900239
0.077948482938254
0.0819929708926921
0.0860156111489019
0.0889670228118931
0.0917983571129639
0.0995364378884318
0.106272126220482
0.11811412528926
0.12216250180024
0.123527945504989
0.124197374753734
0.136020684529704
0.138843173470192
0.140494759353096
0.143821369268686
0.148754999008069
0.15737179333901
0.163763670995166
0.166020315450346
0.171226228041931
0.175454634985464
0.179748713682329
0.183146520145279
0.185697005162439
0.186433962348744
0.188370053287663
0.192446069136075
0.194615247596694
0.193813919633989
0.193987401489053
0.19410711056981
0.196191899770994
0.200270692511033
0.207364233497472
0.210501381896698
0.211690923533737
0.211927929383251
0.214203867687736
0.219503675927967
0.222815437742319
0.225112137666855
0.226303839966796
0.229304413369086
0.232030473182725
0.229389120282818
0.227351750154035
0.22602023262035
0.223515197783023
0.221955078477635
0.222462464713146
0.224088701772942
0.227753903921979
0.22834880000709
0.2327613417756
0.236885658534241
0.235672054108242
0.235224854339869
0.235675774758533
0.236145636118358
0.234770998938885
0.231623281344106
0.228649748254647
0.226771418592136
0.226909311278249
0.22998827787746
0.227950097860294
0.22681361075815
0.22459961633291
0.222338710489119
0.222057122287914
0.217777298998932
0.213490083056513
0.216183282260687
0.226844185612656
0.229461792173744
0.228031507200292
0.225586691402739
0.22316520840225
0.219806020452737
0.216546990986764
0.213413869875005
0.209385993357422
0.207429615567676
0.205513737221501
0.203610075099057
0.201681642307932
0.196711687812211
0.193689434276664
0.192599221553579
0.193417760100687
0.200144822384367
0.208788360550493
0.209382069367315
0.211944842682385
0.21250326477292
0.212075629602907
0.210680368945425
0.212331381612067
0.211036615232153
0.209814332376382
0.207666606381402
0.208588515698366
0.207575171673867
0.206606394660362
0.206673998418481
0.206770081039728
0.206870337362936
0.205960969755154
0.203024364753915
0.198042359580349
0.193998467589402
0.190897293409741
0.187751039484759
0.185570819458363
0.183368845607326
0.184159920312339
0.182957946544647
0.182790088375597
0.184669355148948
0.185626212263138
0.186670644335358
0.184809397195743
0.186020350418545
0.1893004582397
0.187634712004503
0.185013466965131
0.182424632151807
0.180855991014255
0.179296425035787
0.177738081080562
0.175162966494007
0.174568408635722
0.17495304436865
0.177318245433028
0.176657235375693
0.170972261305216
0.175249481548846
0.171478250955275
0.170643409139871
0.170733122134052
0.170740371851743
0.169661443268694
0.172512743009804
0.171302646291423
0.169044929941251
0.166753914427524
0.167426294712996
0.164072452960326
0.160692923650416
0.158289889213457
0.156870363579287
0.156435218935016
0.153002327961708
0.151580858071704
0.150187636589479
0.148827141795763
0.148517154778524
0.147278735832302
0.145120433428204
0.143061690812736
0.141117298121969
0.139283077353944
0.137541116266178
0.137875912057446
0.140265431164799
0.137691674748197
0.138138890649131
0.136596863487675
0.139053207598629
0.142492851769944
0.140903099303998
0.140284417363652
0.138647874210143
0.14200425903293
0.140361705992163
0.139734358349081
0.138116949194519
0.136506465334762
0.134896369249013
0.135279024783699
0.133654056887522
0.132009468988763
0.129349295506074
0.128671673458122
0.12597858507845
0.124268756088028
0.123556254200494
0.123872741914475
0.120241790130251
0.117692920675843
0.114254926787126
0.111934462726289
0.115715108103828
0.115591440384584
0.114539451828392
0.113547805721382
0.111606281336286
0.11070740673955
0.109845599856392
0.108015278612008
0.108212604804152
0.10742991871966
0.105674658630171
0.101947506731165
0.0992583920443053
0.10160894701955
0.10399345713008
0.103414266190946
0.10085203476423
0.0973103115956491
0.0987783815339682
0.0992411105788094
0.0976873327726793
0.0961000670911432
0.0924645297754196
0.091762389740353
0.0889970596532237
0.0881913055105485
0.0883726291679068
0.0865696311137185
0.0858074339352228
0.0841020146924834
0.0824486880107926
0.0808416122463598
0.0812738471225103
0.081744462063412
0.0802409024599484
0.0807584540656663
0.0812918536604315
0.080835288707739
0.08038569192545
0.0799319836041974
0.0784803561279119
0.0760332020510006
0.0745918152950935
0.0741585970554368
0.0747370330135269
0.0723349336285537
0.0699565115785674
0.0696065288579604
0.0682924618475553
0.0680137526099287
0.0687598224656867
0.06952305202487
0.0712832791729312
0.0710340010118529
0.071765585626288
0.0714839437596737
0.0721825753647281
0.0718686217515696
0.0705443149726932
0.0702120806249411
0.0678802199763169
0.0665542027487476
0.0662411466133008
0.0669481620072929
0.0706815959664553
0.0724349590665412
0.0711981113197027
0.070965795550606
0.0717311369560605
0.0694893017675327
0.0682306246607993
0.0689470124296108
0.0716347358813962
0.0732802732577085
0.0748885352000457
0.0744669878775994
0.073035922993121
0.0716118175520819
0.0712111468199055
0.0708453906982456
0.0695062770967851
0.0691798912924568
0.067854515827932
0.0675162361736881
0.06715897220041
0.0677723841159548
0.0673610313059001
0.0659245598257598
0.0634626157535791
0.0619766421609711
0.0614800821263444
0.0599900423240243
0.0615203335299128
0.0610935250648339
0.0597152946884378
0.0593934808459267
0.0601309899711069
0.0589323764467053
0.0577994480734674
0.0577316332038222
0.0577166383923213
0.0577381138406707
0.0577835243609499
0.0598277920405721
0.0598626418403256
0.0598824275767811
0.0598854732683023
0.0608733687246641
0.0608379076130632
0.060781566593036
0.0607080745481809
0.0606225952103401
0.0605302929013973
0.0594368812596215
0.0603495017138158
0.0602661046610677
0.0611929814441652
0.06113480566394
0.0620978683528577
0.0630775695652233
0.06207479907048
0.0610820425721315
0.0610923313845149
0.0601003447712287
0.059100011989365
0.0590910294443603
0.0590764722020225
0.0590588716389888
0.0580413084483737
0.0570254164761224
0.0570142237251829
0.0559999342611661
0.0569834459163943
0.0569651377244682
0.0559438276421176
0.0549184386943367
0.0548881921038813
0.0548534092412325
0.0538144114768002
0.0547735326229102
0.0557276379463829
0.0576331167293205
0.0576521517470283
0.056633628194362
0.0556337356873229
0.0566592280681633
0.0557082652783123
0.0557866022235132
0.0548989256942107
0.0550469151168755
0.0552260595207912
0.0544274519856245
0.0536410383874824
0.0548562152860299
0.0560689392501388
0.0552695095266671
0.0554603963504618
0.0546430491003207
0.0548167198894021
0.0549823219239727
0.0541409202215632
0.053292578643287
0.0544368133376452
0.0555791524160014
0.0547137118270342
0.053844258814074
0.0529721222346353
0.0520986363874982
0.0522245862550292
0.0533513316915872
0.0524822366242503
0.0516181797015918
0.0507611442250138
0.0489136628122893
0.046077722610562
0.0442542712853822
0.0434454015065597
0.04265375650251
0.0408781648043401
0.0411303851019511
0.0433986972720817
0.0426875120619883
0.0429924238448649
0.042312322892343
0.0416444658425519
0.0419863807586012
0.0423369370565112
0.0436977287690041
0.0440605537862666
0.0444269783402191
0.0447947140282423
0.0471636258495209
0.0475254081308165
0.0468804527086704
0.0472248746113664
0.0485579649350925
0.0478827807990143
0.0471997280742613
0.0465103112647753
0.046815474847115
0.0471169734010815
0.0474195127778643
0.0477163388983968
0.0470126910917443
0.0463088597596908
0.0456045928067965
0.044898368860423
0.0431891445218326
0.0434736791266204
0.0437514934300722
0.0440206862610921
0.0442791030571996
0.0445245474238121
0.0447548229663184
0.0449716141819252
0.044168409373377
0.0433526220965987
0.0445275487544734
0.0446992323318867
0.0438720477294297
0.0440483106818661
0.0432311725599703
0.043421484039861
0.0426222930633102
0.0428382476407521
0.0420637678980427
0.0433004847519811
0.0435493863148935
0.0428098127499297
0.0430800057231977
0.0423604133857296
0.0416498508814485
0.0409476840353946
0.0412527293562306
0.0415649006794183
0.0418872689008367
0.0422112729679185
0.0415403264953511
0.041872380451295
0.0412075877552596
0.0415443886280187
0.0408843203033769
0.0402273698943247
0.0395740738303019
0.0399244208073171
0.0392802566619324
0.0396416461022966
0.0400103510022447
0.0393881332356116
0.0397789206730721
0.0391772635898633
0.0385872295201963
0.0380095848013156
0.0374450957704724
0.0368945261207685
0.0363580093211269
0.0358342368751892
0.0353216994990788
0.0338156225280173
0.03332102785361
0.0328332831569895
0.0323513701718525
0.0318743232044412
0.0304017258774039
0.0299315132582763
0.0284634977429121
0.0269949992391432
0.0255237492382676
0.0250469299151703
0.0255622731361385
0.02506894449035
0.0255648635150294
0.0250503146487304
0.0245239343807881
0.0239849087854296
0.0244323427939079
0.023868419554077
0.0232939464379029
0.0237097308173873
0.0241214933701386
0.0235234051505842
0.0229196354620811
0.0223110169248457
0.0216983821591441
0.0210825637842973
0.02146382917838
0.0208440372081355
0.0212228369676808
0.0206020748167361
0.019981949166656
0.0193634553714972
0.0187485352735877
0.0191388075015055
0.0185375386330193
0.0179463472967143
0.0173669211024432
0.0187978693523263
0.0192400379880482
0.0196958903825006
0.0191575444495413
0.0186272260731712
0.0181028402509824
0.0185814495328103
0.0180617644063261
0.0175408474099044
0.0180162014395435
0.0174890883501817
0.0179592045575063
0.018427894542377
0.0178965027856108
0.0173652537418363
0.016834810519029
0.0183047019170033
0.0177777526166309
0.017253491400318
0.016732222217982
0.0162124425452745
0.0156920230167046
0.0151688336472446
0.013641293768238
0.0141060572608396
0.0135656794472752
0.0140247561887605
0.0144780888708311
0.013931922970805
0.0133875677672108
0.0128467326350616
0.0133105177815267
0.0137811218859625
0.0132607436277823
0.0127502416427063
0.013248769283571
0.012780819163865
0.0122715298421312
0.0117693820357516
0.0112966954650631
0.0108517761602585
0.0103869203076954
0.00992472298350577
0.00948725433100606
0.00900485854571542
0.00854777485020719
0.00809524956982699
0.00964842758347118
0.00921174966853044
0.00878614425687374
0.00837168227420193
0.00796739597486606
0.00757230804430264
0.00818870654880044
0.00880850649040354
0.00843479517250501
0.00806559203640234
0.00769946405652888
0.00833442889083358
0.00797017430482327
0.00860442897967317
0.0102361651542751
0.0098660050681687
0.00949182437889817
0.0101120567934458
0.00972688670426436
0.0103381827978595
0.0109380187589636
0.0105299123640776
0.0101123944097594
0.010683044880814
0.010240430138083
0.00978145518709539
0.00930357434975804
0.00980393711899552
0.00928481529702196
0.00974886695059496
0.0102004595007017
0.0116746408437365
0.0130842052952858
0.0135203853951467
0.0149564639408908
0.0153958680465749
0.015844191574331
0.0152965754566452
0.0147566356016426
0.0142231353936708
0.0136947878942379
0.0141697568485242
0.0136478830364126
0.0141273737147927
0.0146085949152734
0.0150913818229768
0.0155755696231097
0.0150614407512677
0.0155454158915873
0.015023971023119
0.0154951118619806
0.0149475972980326
0.015379563410491
0.0147907105261851
0.0141823780115473
0.0135566059815702
0.0139148852347617
0.013260368751034
0.0135944055411841
0.0139204264202419
0.0132418845715847
0.013560585229385
0.0128805060838459
0.0132026457664267
0.0125292792040028
0.0118609804948093
0.0122021384343682
0.0115473408777902
0.0119002487042152
0.0122621373614749
0.0116342683745785
0.0110168046357444
0.0104105260018628
0.0108185063968946
0.0112487405586492
0.0107094920188544
0.0112073763600407
0.0107510830184125
0.0103415697421809
0.0109710544959469
0.0106327266218074
0.0103181275126403
0.0110226608985258
0.0107347234054558
0.0104567913939491
0.0111878904394729
0.0119281447502999
0.0116776731194292
0.0114351136197541
0.0121984766440448
0.0119673621740333
0.0117397222422113
0.0125135055229535
0.0122880180498797
0.0120604070427959
0.0128277678628308
0.0125888438203816
0.0123407250238188
0.013079932281677
0.0138068280397832
0.0145096628175452
0.0141886805425671
0.0138392185116558
0.014457547023305
0.014043466220869
0.0135953545972072
0.0131121399616703
0.013592231863548
0.0130414255161284
0.012476277235983
0.0129149631657342
0.0123773073972515
0.0128809169939501
0.0124405526067193
0.0120576223708468
0.0117324276176447
0.0114652696784248
0.0122558868216061
0.0121005559299903
0.0119811733528792
0.0118782344170185
0.0127754998300063
0.0126469435180425
0.0124817793517522
0.0122805353048037
0.0120461543913279
0.0117815796254135
0.0114897541900518
0.0111737914208661
0.0108372947799324
0.0104839554472989
0.0101174646030273
0.0107409640771507
0.0103591749873786
0.00997495761945544
0.00959168044124681
0.010212162604212
0.0108403216724398
0.0114783343204152
0.0111249472600576
0.0107769788968142
0.0104317969525454
0.0100867691575885
0.0107389279655337
0.0103877241192407
0.0110305843381795
0.0106671326074093
0.0112986103447099
0.0109180680862337
0.0105324498595749
0.0111458786654097
0.010764125453683
0.0103913132250923
0.0110305531881849
0.0116818217794332
0.012343439085889
0.0130137251910227
0.0126915494947681
0.0133742411628148
0.0130618126494824
0.0127527654773871
0.0124461504934956
0.0121410185446962
0.0128399010861031
0.0125365809782565
0.0122349554644359
0.0119356564802118
0.0116393159611405
0.0123459781117319
0.012057133316226
0.0117725579953358
0.0124920285321011
0.0122169692587732
0.0119466987847474
0.0116784887861243
0.0114086967723068
0.0111336792335166
0.010849792659954
0.0115534437414482
0.0122458120139655
0.0119294682701678
0.0116058872966747
0.0112770931964405
0.0119444387823577
0.0116101162738644
0.011274340963098
0.011937327185727
0.0116009372265466
0.0112652495916876
0.0109299171414818
0.0105941668143572
0.0112604891464159
0.0119210292147969
0.0125788610231794
0.0122340589744852
0.0118857234075804
0.0115335046919682
0.0111770531971231
0.0108163318045413
0.0104539443452154
0.0100938216578186
0.00973990460597918
0.0103955847369761
0.0100655107374479
0.0107485416430961
0.0114432505829782
0.0111481920140335
0.0108608217603248
0.0105791928974526
0.0103018387246649
0.0100275693229435
0.00975519810572933
0.00948353848652062
0.00921148084246681
0.0089387577335529
0.00866562112163649
0.00839233061049782
0.00811914580394557
0.00784631117840462
0.00757388995432251
0.0073018257961337
0.00703006025479169
0.00775798556485086
0.00748659338022151
0.00721458890755855
0.00694077644806868
0.0076672162560385
0.00738617244311257
0.00709979485297652
0.00680826628672548
0.00751219854677743
0.00721387535880069
0.00691393249929462
0.0076129816853765
0.00731289717542438
0.00801304571733397
0.00771498251994274
0.0074186148429618
0.007124381908163
0.00683241443387317
0.00654257790170476
0.00825363052162942
0.00796762640204918
0.00768332902460855
0.00740070496298983
0.00812308207599699
0.00784399563666227
0.00756677706053921
0.00729151308018317
0.00701874986972228
0.00774893468720705
0.00748418162922349
0.00822440752671838
0.00797168899936906
0.00772551752788075
0.00748495292135232
0.00724900874663348
0.00801614925416061
0.0077864917120678
0.0075586491441797
0.00733194450982921
0.00710570923280329
0.00787872542049683
0.00765142439057342
0.00841059455373738
0.00819121622780017
0.00795770578769606
0.0087204255093809
0.00847990290198197
0.00823515770254346
0.00798593768359268
0.00873526760904042
0.00847637610019092
0.00821231494061436
0.00794404194706999
0.00867356129696617
0.00840463953851867
0.00813939527074581
0.00887993139635768
0.00862919877939561
0.00838733566258298
0.00815493773081499
0.00793260066900103
0.00772091084252224
0.00751988897102507
0.00732867528161307
0.00714633382107621
0.00797137931979819
0.00780396964611896
0.00764226163527582
0.00748437351050768
0.00732836785192603
0.00817175792331426
0.00801370529837442
0.00785175620108447
0.00768406426897172
0.007508789139969
0.00832354113561706
0.00812757646397699
0.00791826885299685
0.00769309373394833
0.00744947619320868
0.00718484131715513
0.00789608171525202
0.00758421263159903
0.00725366270147276
0.00691002865632839
0.00655890722756425
0.00720915384437149
0.00685851534891668
0.00651165616151417
0.00716904410041508
0.00683279493306088
0.00750282493934407
0.0071806392015219
0.00686466265171504
0.00655366363040599
0.00724586116169945
0.00694112301113847
0.00663798895089229
0.00733580761082209
0.00703570143309662
0.0067371449106659
0.00644016312148921
0.0061455968655082
0.0058565035094631
0.00657576402011983
0.00630790731342046
0.00605581296807145
0.00582132280250391
0.00560163954025228
0.00639257346100663
0.0061915827937824
0.00599447815789489
0.00680170519991918
0.00660649475931052
0.006412380263491
0.00621962975905177
0.00602851132288151
0.00583950285046342
0.00665324415206214
0.0064721735434432
0.00629708139108232
0.00712875805752589
0.006969482289783
0.00681930191183966
0.00667868096354596
0.00754753416835996
0.00742742419888742
0.00731781472099868
0.00721694191319955
0.00712260450572444
0.0080320519123589
0.00794418149611431
-0.580504784862264
-0.580165792211574
-0.579682301368237
-0.579227334874979
-0.579759190762502
-0.579232637462958
-0.577794664303944
-0.577301182687897
-0.575803620811094
-0.576252188448869
-0.575299976944912
-0.574304648972529
-0.573325588178747
-0.572325194192736
-0.571453234902343
-0.570576877965394
-0.569743014970591
-0.567949887145495
-0.5671940871011
-0.567438186617821
-0.563791711367813
-0.563166767892561
-0.559625870683902
-0.555203468701855
-0.554920918865449
-0.552796022680191
-0.546800550651767
-0.534867450770975
-0.529944294779199
-0.528975999388514
-0.528910493598787
-0.527741467640809
-0.527476738886669
-0.525126905099256
-0.52369545344569
-0.522195958646442
-0.52160552095966
-0.520896277145226
-0.519040332934701
-0.51700869542686
-0.515782459741423
-0.514417397919381
-0.513001331659119
-0.511622228477442
-0.508369154523955
-0.50631260063922
-0.502397329786234
-0.485516806892583
-0.472552569270633
-0.461396591244466
-0.445945282210154
-0.421215875460859
-0.396293062525196
-0.355249041127109
-0.297166842730803
-0.2431251850347
-0.226201334415634
-0.209477400627861
-0.201033669683973
-0.167950061385604
-0.137351534200945
-0.128758422023914
-0.125944349971107
-0.117667916185496
-0.119699590148024
-0.129693647759545
-0.138022982181838
-0.147262730686379
-0.1509845917072
-0.146750497326423
-0.141216217727212
-0.13615583115142
-0.126081488505434
-0.12152545016415
-0.107018999939896
-0.0960670281354012
-0.0918235673459193
-0.0812088091656662
-0.0761238827036124
-0.0754808728793748
-0.070193470289837
-0.0722391862584288
-0.0726655051356033
-0.0715049026557679
-0.0697019747307621
-0.0605959526037978
-0.051908129708373
-0.0467437378993054
-0.0441110257889008
-0.0380248032687405
-0.028486507799613
-0.0196123696070813
-0.00858917512643131
-0.00260477366995815
0.0101463631355614
0.0174805425230389
0.0213971451493933
0.0250729781444363
0.0306804314055427
0.0383968081601651
0.0433961062611061
0.0497098800329638
0.0552326006243931
0.0598632197497011
0.0654881463986072
0.0699978222795181
0.0713373546072305
0.0724951705035863
0.072464299439261
0.0742393883166486
0.075807408805197
0.0791981370585475
0.0824619688690831
0.0836625578577497
0.0858608110634975
0.0891064555552958
0.0944178740524677
0.100747407683585
0.104049526061559
0.112272107002511
0.116374017428697
0.119367095503669
0.120358694084771
0.122444136019759
0.125735650894583
0.130327840254424
0.138227301003106
0.143272038401747
0.148311123332491
0.154179466521214
0.158719248096212
0.164865140086867
0.169695619240933
0.170296651185502
0.170757952527147
0.17116737742402
0.171521883275766
0.172088589405611
0.177681057076889
0.181417094029719
0.190332918476933
0.197438902233252
0.19968661797045
0.202013977070273
0.208370884322669
0.212701577751851
0.214973828411409
0.216214770689859
0.218440823458806
0.223683664378989
0.226963465569462
0.227302480443974
0.226684809488212
0.227103567224134
0.229548602792811
0.233014523995401
0.235461031309178
0.23781163825339
0.241967861327218
0.244849222400987
0.249360786308237
0.25047116564275
0.254285946567705
0.258921405371773
0.258496015609204
0.257133996844658
0.25588562470157
0.254669128702325
0.255376785251613
0.257905784084322
0.26114636835289
0.261049172372076
0.258720361702764
0.256289363978411
0.25487471205718
0.253607414044076
0.252565944599233
0.249697075384837
0.247925955517211
0.250166290020914
0.24935255344171
0.247421953062222
0.246391170302751
0.245287274579645
0.24213788462572
0.238968419134245
0.234797929629174
0.232617673514923
0.231419821326789
0.230185099508283
0.231907297108471
0.233578061282415
0.232238088517846
0.229917331694892
0.227657737101801
0.225497985456414
0.22246457448945
0.219535682873712
0.218677995447912
0.218863659697305
0.217054477648134
0.224222483878897
0.224353754114681
0.223424941774681
0.221423625571084
0.220332470885992
0.220145452309147
0.218873778217073
0.218549150570411
0.219189111281828
0.219827010369436
0.220478337032276
0.218165941028111
0.215891344482998
0.214668611945406
0.215511807963786
0.215422918620391
0.217401685942626
0.218431442988162
0.217509681443161
0.216616986255502
0.213746750750147
0.208882943925083
0.210003620284098
0.211098338299749
0.210143015087134
0.210125470043693
0.209055014599002
0.208934114333537
0.207778885665597
0.206603797064282
0.204413893157934
0.203229842056594
0.202072416157961
0.19996620770074
0.196923815515397
0.195964810181486
0.193089468610587
0.193285034054441
0.194546382278034
0.192858043587371
0.190212649958781
0.191600840580136
0.190008247392271
0.188426452524332
0.186844871357437
0.184254063852769
0.181648277987236
0.179024617949487
0.178379104122897
0.176710503472833
0.179016222125057
0.180284705961164
0.181497580113209
0.182648433654265
0.179717794134
0.179693319385713
0.177581886115128
0.175399436805037
0.173151664659571
0.169856256291098
0.167524800490348
0.164165175934237
0.161779322971157
0.159370833573931
0.156942750399068
0.154498509530043
0.152049824100068
0.150599240817279
0.14916189395062
0.146749103071798
0.144371287319274
0.142045694058012
0.140779246560498
0.13859199176234
0.139500680700699
0.139513734024597
0.136632410889874
0.134838183615528
0.139115506898548
0.13844999510389
0.135819753408931
0.13421324880067
0.13361889546912
0.132026261227061
0.131422716621699
0.129802293859051
0.127157325746523
0.125499451583181
0.125837314229329
0.126185019191738
0.125544230617166
0.122919745963912
0.121303015822669
0.118687985544604
0.117066403215283
0.114432368809645
0.112780988814286
0.110112586327318
0.107425954194468
0.104720434577921
0.103998673895802
0.10226830321912
0.100559968577301
0.0989016560046139
0.0973213515353706
0.0968457536839509
0.0954876311067352
0.0982236265519489
0.101049557914465
0.102948151048196
0.100903364073567
0.0989069305946586
0.0969535462473985
0.0960376093141591
0.0981529687608784
0.100300148726269
0.102470478629151
0.105674773071264
0.109913243728371
0.109189398174685
0.11250982733079
0.111870416146473
0.111265637564863
0.110687923611799
0.11012970631316
0.108583892364535
0.10703884284051
0.10547864671711
0.103887033698292
0.103250998868916
0.102547490806643
0.10178066146004
0.103973584037824
0.104159537355066
0.103357060236618
0.103595404145032
0.102890302182892
0.100237909549818
0.0986304773294719
0.0970624538710751
0.096527188738925
0.0970223834074986
0.09553592250289
0.0960632874985095
0.0955999903853453
0.0941399246203076
0.0936787896137901
0.0922198014534885
0.0907650968148772
0.0892452236764498
0.0878077113297735
0.0854551442813545
0.0840495361757121
0.084667859775422
0.0853209716335002
0.0860071523510797
0.0867306694542194
0.0874805001076737
0.087248535755208
0.0860146744323984
0.0857691780615752
0.084504799493935
0.0842213616811662
0.0839216052747958
0.0846071722935164
0.0852846225678974
0.0849504938868932
0.0856145637671375
0.0852855033167259
0.0849703356944431
0.0846804405744095
0.0834126961285406
0.0811616772411909
0.0809302484872347
0.0786984167755378
0.0764695957175334
0.072233914579698
0.0699813981293431
0.0697041602464594
0.0743964815591198
0.0800488621006608
0.0786593824512849
0.0772417165454442
0.0758126052229002
0.0733893386398421
0.0699848412354456
0.0676164175738165
0.0642727904246598
0.060940938961906
0.0586040276623407
0.0572572145998009
0.0558870785587118
0.0554948156388093
0.055073040744837
0.0536258128733564
0.0541511790800087
0.0526538568139401
0.05114590378016
0.0506424295601775
0.0481607410011193
0.0467148490516962
0.0453188568851175
0.0439777731516671
0.0436938891602878
0.0444700455360447
0.0453134469177243
0.0442175576828561
0.0441720838344182
0.044161706629211
0.0431711072396297
0.043183318888758
0.0421855898211518
0.0411730467248077
0.0401441743550635
0.0400969085524494
0.0400302837903013
0.039947460802594
0.0398445415456337
0.0387310142149389
0.0396103556159062
0.0394893384523485
0.0383728957680276
0.0372643570706543
0.0361672407287728
0.0380872315452834
0.0370235140789532
0.0369801339812739
0.035954144117035
0.0369374695916989
0.0369253277205459
0.0359112878696521
0.0348892695163769
0.0338595181400976
0.0328245630182948
0.0327863897485798
0.0317486318778677
0.0327156353976719
0.0326811257351878
0.031647574657363
0.030613086094327
0.0295763132926652
0.0315343596436861
0.0324889126669206
0.0334430647139925
0.0343890150716746
0.0343309564349141
0.0382170440868919
0.0412053330113977
0.0431491367351384
0.0481007092341912
0.0530668216658228
0.0550503205293538
0.0550585074296137
0.0530949069403874
0.0521613911947014
0.0492631282239628
0.0484429157826014
0.0475699118416912
0.0477609388953937
0.0479647420639537
0.0491712497406951
0.0483731406226084
0.0485656369852094
0.0507523795495644
0.0499289085329764
0.0500972643969106
0.0502584278394878
0.0494134760231475
0.0495619000997962
0.0497048401896407
0.049846701793733
0.0489810204386742
0.0491114419646124
0.0482402104670143
0.0483673770022008
0.0494940912593123
0.0506220816026683
0.0507573002154729
0.050893456746941
0.0510362611704025
0.0521870594454938
0.0523488545430766
0.0515236901842044
0.0507131700423713
0.0499194500345439
0.0501441367612259
0.0493903542383123
0.048657354111235
0.0479430746962137
0.0482486622269604
0.0465622014136926
0.0458913804273635
0.0442315871188015
0.0445794669327029
0.0449382332693347
0.0442991061207749
0.0446630728328259
0.0450283438071963
0.0463914481528818
0.0457510889665116
0.0451032227627124
0.0454444435678241
0.0457745450581228
0.0460987284078413
0.0454113964319731
0.0447172974045387
0.0450173555254594
0.0443138903543314
0.0446067492019253
0.0448974134626567
0.0441873645308917
0.0444763998684863
0.0447648612318616
0.0450512580181623
0.0453378422055266
0.0456154216802886
0.0458862634893862
0.0461484966971994
0.0444010970525284
0.0436402517274885
0.0418648944761841
0.0400723773240657
0.0402622026193455
0.0404396511739691
0.040609152124496
0.0407751346074718
0.0409420073689262
0.0401137557534099
0.0392918875700801
0.040481071267827
0.0396778271022455
0.0388868056924423
0.0381089341562699
0.037343612918292
0.0375895657468064
0.0368471643593509
0.0371145836450069
0.0373916761192916
0.0376777930804408
0.0389755556006435
0.0382783379259095
0.0395871118435949
0.0399027688829534
0.0392243605092943
0.0385503697057672
0.0378798287719135
0.0382112253838827
0.038544631175732
0.0378810189367016
0.0372203608046746
0.0375626289175912
0.0379127103433632
0.0372642594875501
0.0376211474876627
0.0379851284761656
0.0373579565855309
0.0367402866066229
0.0371326499413556
0.0375364134804173
0.0379523610033772
0.03638237492261
0.0348261377235772
0.0342832468968766
0.0337529472492903
0.033233732181543
0.0337235457779315
0.032222529804173
0.0327271234348743
0.0312385107466255
0.0297546327463252
0.0322723318080378
0.0347966589274264
0.0343203512115053
0.0328439973045107
0.0313609678057531
0.0308760774063828
0.0313870611020803
0.0308854650925099
0.0293703370704179
0.0288474265656049
0.0273132362817421
0.0267658866222078
0.0262056134168915
0.0256335313200395
0.0250510267544897
0.0254589368267375
0.0258630119473011
0.0252574460404773
0.0246464086993896
0.025030178880634
0.0244106834900606
0.023788201483292
0.0231635442727978
0.0225374634963842
0.022910148234331
0.0222834355161154
0.0216575144228486
0.0210333730180849
0.0214124043335531
0.0207978773152959
0.0211908636437173
0.0205946322648671
0.021009769614885
0.0224397755523142
0.0238767400061235
0.0243241969966164
0.0237813165303749
0.0232464828135193
0.0227175783286739
0.0211927429837147
0.020668468725944
0.0201428954518192
0.0196140561134328
0.0200815550129931
0.0195472791186191
0.0190114675656403
0.0184749088058069
0.0179383695592961
0.0174025041340329
0.0168679305986714
0.0173347176878167
0.0168045820852569
0.017276719121206
0.0177501621235905
0.0172233163725579
0.0166934878947202
0.0171617974139338
0.017619454624878
0.0170717346316209
0.0185188788865389
0.0199638771009987
0.0204091696699678
0.0208598918278966
0.0203106948557448
0.019766519943957
0.0192290427530395
0.0186999389435485
0.0181806423008197
0.01867032873092
0.0211674382300444
0.0216731544992825
0.0221853653412936
0.0227068807415947
0.0232291343767272
0.0237550353424822
0.0232842275229999
0.0228152561695936
0.0223474530063399
0.0228815715743309
0.0234204408543448
0.0239663475125624
0.023522127531642
0.0240887513334087
0.0246706853228602
0.0252593582372711
0.0258576332852627
0.0264645589782262
0.0260797022440968
0.0257012271504706
0.0253276741065704
0.0249575815255128
0.0255889385039367
0.0262208549639951
0.0268521300621742
0.0264822574210797
0.0271128994659762
0.026736471795985
0.0263551949236813
0.0259681271621446
0.0265738446601702
0.0261725726615083
0.025762888460676
0.0263432956515643
0.0259129943106942
0.0264683252200797
0.0270072636956442
0.0275272357368692
0.0280259129499569
0.0275050065238105
0.0269677243725113
0.026417885412684
0.0268625739418269
0.0262990280061715
0.0257334952595869
0.0251683331293435
0.0246058818097055
0.0250479321785377
0.024497814900684
0.0239553301715176
0.0224197794628154
0.0218887656504236
0.0213615395594999
0.0208368318741847
0.0213133894473927
0.0207921194857263
0.0212717504571813
0.0207532080954564
0.0212351188123279
0.0207160926933909
0.0211904007915393
0.0206544237390673
0.0201028942189652
0.019531225043913
0.0189380216916319
0.0193246386616508
0.0196936810413106
0.020051019298748
0.0203910938676799
0.0197207270555992
0.0200417070494794
0.0183585907118768
0.0186720896905399
0.0179867361562671
0.0173040869331587
0.0176247822479851
0.0169510576484129
0.017282951416469
0.0176221449572225
0.0169701448451036
0.0163271390444706
0.0156938508308642
0.0150710034798465
0.0154285976015913
0.0138626383886233
0.0132882112714512
0.013743282403027
0.0132366755731113
0.0127754429053937
0.0123610870704525
0.0119863493623953
0.0126465582129001
0.0123272459110595
0.013023239442731
0.0127305509039815
0.0134472994565655
0.0131741672019885
0.0129231731027204
0.0126549408557679
0.01240762616235
0.0121668263952586
0.0119310661761034
0.0116988701264802
0.0114687593219216
0.0112389479860155
0.0120065615722567
0.0117703187226113
0.0115272901298624
0.0122745412702088
0.01201022019481
0.0107303120190565
0.010429585524534
0.0111039081256479
0.0107502525769334
0.0113643284876943
0.0109459268850571
0.0114928681005608
0.0120084351123282
0.0114844979544557
0.0109290267241846
0.0113586224010334
0.0107931585078731
0.0102508606183562
0.0107499344830089
0.0103051747271081
0.0109174384145945
0.0105881186991894
0.0123158621526187
0.0121031468109578
0.0129434946852811
0.0128204381078802
0.0127139105596896
0.0116049441544632
0.0114729324198208
0.0113043617527495
0.012099202396314
0.0118614880793544
0.01259686996233
0.0133012032353648
0.012981960723927
0.011642751133806
0.0112861740040344
0.0119159275064646
0.0115368084111864
0.01115189486503
0.0107645952089825
0.0113777261276553
0.0119952029385146
0.0126203914222245
0.0122560140038317
0.0118997115271213
0.0125482943971278
0.0132170454730698
0.0128517523371841
0.0135048263699105
0.0131507074762283
0.0137906295175014
0.0134242089234036
0.0130494141754909
0.0126658199692926
0.0122771020472427
0.011887930718963
0.0115029762941177
0.0121263597659294
0.0117628372293623
0.0114112790096641
0.0120694472444001
0.011736752016752
0.0114109554607538
0.0110904785227746
0.0107742362081353
0.0114607334886898
0.0121495739772044
0.0118403612863389
0.0115318170934344
0.0112242670953293
0.0109183574027512
0.0116141848836477
0.0113134943552069
0.012019609318429
0.0117264029288506
0.0114374778977719
0.0111531715176199
0.0118732717644221
0.0116123990692714
0.0113263645332111
0.0110524664337461
0.0107734345611235
0.0104856405727745
0.0111855049177336
0.0108747615780729
0.0105548845757752
0.0102278998698253
0.00989583341912237
0.00956058805815019
0.0102227011339693
0.00988402586101955
0.0105442172226091
0.0102051274675716
0.00986682550686169
0.0105284084530126
0.0111896475115927
0.0108503121107972
0.010509073046002
0.0101651845468851
0.0108214317449935
0.0104709280766642
0.010116583834332
0.00975804392957969
0.0103947165580394
0.0100302995619259
0.00966817021764399
0.0103117158294239
0.0099659716507432
0.0106333846207249
0.0103150043630365
0.0100082975142044
0.0107107120272332
0.0104213438042748
0.0101376895052567
0.00985828306267678
0.00958193964750365
0.00930747781681163
0.00903371612774606
0.00975900030906729
0.00948416101724092
0.00920889715161621
0.00893346452270549
0.00865811894100688
0.00838310117050156
0.00810847168803264
0.0078341720534354
0.00855959240797688
0.00828577084214288
0.00801204916070475
0.007737682531193
0.00846474307418532
0.00818549737748953
0.00890145885502847
0.00861261366441113
0.0093180575262295
0.00902006814206402
0.00871929939511062
0.00841695448497859
0.00811421205874296
0.00781185745509561
0.00850981009184437
0.00820962835084771
0.00791122266481636
0.00861448605383686
0.00832064994717996
0.00902848238057885
0.0097422053684042
0.00845133145236332
0.0091687854402096
0.00888473916960919
0.00960197280681285
0.00932165265132312
0.00904329705335982
0.00876699416888016
0.00849328696703822
0.00822316427999681
0.00795763363891666
0.00769770257499403
0.00844379179972066
0.00819703212519585
0.00895537542015745
0.00871892454421896
0.00948558509136888
0.00925546514243081
0.00902717286486165
0.00880003120234818
0.00957282250169555
0.00934597705894902
0.0091182784657704
0.00988855062231409
0.00965731349131005
0.00942344190735867
0.00918636002148077
0.00894549574350378
0.00970368252678355
0.00945413638276449
0.0091998810747782
0.0089406749852543
0.00867630351476123
0.00940717409298486
0.00913693768256962
0.00886771171184364
0.00860216292554128
0.00934239303860096
0.00909135085515089
0.00884917128830409
0.00861644659319438
0.00839376902496269
0.00918117219808323
0.00798032105959834
0.00878815440183445
0.00860538001300171
0.0094299590992506
0.00926204532885322
0.00909979190686272
0.00894131437514289
0.00878467272229244
0.00862792693693137
0.00946858804620376
0.00930584710160787
0.00913730436806048
0.00896111533079136
0.00977488615860977
0.00957786890032963
0.00936743238104754
0.0101443110907695
0.00989939287246244
0.00963336171160734
0.00934365309600338
0.0100296342930761
0.0106968456548415
0.0103514479160438
0.00999850317855078
0.00964361616102138
0.00929107588917333
0.00894228569941902
0.00859826607805303
0.00925948819499212
0.00892806894231768
0.00960331808744996
0.00928530717711595
0.00997170411207549
0.00966237405868497
0.00935553502749542
0.00905027476515841
0.00974594173230514
0.00944365838437022
0.0101461646084005
0.00984695473400876
0.00955013502201751
0.00925876310041218
0.00997572022767912
0.0097055356114879
0.00945108912124226
0.00921422170733166
0.00899213183818404
0.00878117423918923
0.00857770363585075
0.00837807509377342
0.00817946541309311
0.00898108783266593
0.00878431085303788
0.00858885502560014
0.00839499024855428
0.00820319704591554
0.00801466990920119
0.0078307544654308
0.00765279634157423
0.00848159184423025
0.00831942538213326
0.00816634940934335
0.00802283236030377
0.00788934266942931
0.00776634877108506
0.00765386654465772
0.00854957985054483
0.00845238159780592
0.00835951674624624
0.00826877957209149
-0.750026057469057
-0.741257924519907
-0.740186600619936
-0.73440900895099
-0.726755200539806
-0.723561441129014
-0.722672182955129
-0.718087174115581
-0.714484262593324
-0.709613603078232
-0.70516883942625
-0.701063686030771
-0.677662801766878
-0.493163968560111
-0.489943558882622
-0.467076274862443
-0.387430882638611
-0.349711345387789
-0.203694879555208
-0.139761608727483
-0.0733244312135568
-0.0199457868570789
-0.0042985330586589
0.0284413052791948
0.0781897766132005
0.109590934020069
0.155310862805166
0.191654161054942
0.213897914538926
0.204075346110763
0.19753732648104
0.183675831498824
0.17932095683922
0.170408537423285
0.167288893261542
0.160429448435615
0.155475294137467
0.141756729049533
0.145325034188303
0.146931389201548
0.137039766403397
0.131490035460693
0.126900836985207
0.122401496510541
0.116311272400942
0.112588188670081
0.106557051177433
0.102527913230489
0.0973141411032401
0.0933049060252813
0.0929313390517947
0.0896823259062458
0.0918250728561674
0.0837020567716138
0.0790163583932042
0.079358273792451
0.0765988768168242
0.0756507579278534
0.0724853244408905
0.0666114792000414
0.0658539188475515
0.0607070752031404
0.0566080626977268
0.0511387451323486
0.0490371000469167
0.0463115606814526
0.0374995679211594
0.0335377934380006
0.0366176242596481
0.0321542385361155
0.0328238738313402
0.0300876496535878
0.0310627758715611
0.0300682289831471
0.0312042867659699
0.0306124955244371
-0.726532829586269
-0.723214206649274
-0.719541849246674
-0.715196343671437
-0.712437892246939
-0.712195956679246
-0.710595743397135
-0.705656975465168
-0.697567313410786
-0.688970125972432
-0.660313327762722
-0.600468235196644
-0.580839629699142
-0.513523758434275
-0.389304122801335
-0.373336002956499
-0.332868815364897
-0.276372888084261
-0.191808567541507
-0.125288926278898
-0.0727198930671875
0.0019443104231911
0.0499162291564872
0.0782414600610508
0.103628035067928
0.142002630093742
0.165290943253289
0.15180328982423
0.153345627686008
0.180456805600706
0.187837885651888
0.19168498341979
0.196739977028663
0.206800931899878
0.208025242294603
0.222261696467037
0.207127836984533
0.195804787165834
0.188045201639582
0.170656389095683
0.157375582569429
0.146983157824621
0.14766174286742
0.144244971745515
0.140367293948351
0.13596179338429
0.137003160524067
0.127220789499106
0.119945530789877
0.117595572136125
0.112805326635026
0.109659357565256
0.106383948953088
0.0993262494903959
0.0913393230446857
0.0910187954514683
0.0915324252592455
0.0899477121894279
0.086920552072506
0.0812594747358162
0.0746731686949573
0.0724369518585277
0.0695609173639653
0.0563945249532622
0.0560633778482682
0.0521766138340922
0.046733259051507
0.0463665366700781
0.0411018703319499
0.0389806759349156
0.0369595658338895
0.0341479214642817
0.0340139985212744
0.0340773121035838
0.0341920261609943
0.0345517707913245
-0.785693460602886
-0.783248636771887
-0.779564523606346
-0.776142922806635
-0.77460980539923
-0.77443599395032
-0.772468652588771
-0.768277869783986
-0.759800691329794
-0.753913752000805
-0.740607783698259
-0.677514166853392
-0.491447955432129
-0.428269226467485
-0.372387773543011
-0.333236326600137
-0.278791033999177
-0.229173641435011
-0.155648546850124
-0.125876224614387
-0.0490233079564035
0.038504642494253
0.0658986797498571
0.110005200917016
0.14379068797335
0.17299641260206
0.195540067529933
0.224843639066641
0.232263404073208
0.228815000036988
0.226005146872836
0.218457857777643
0.221608618802328
0.21192885007607
0.206344125173352
0.199985282179711
0.189767578590519
0.168072235319599
0.155180751630688
0.147193632307086
0.131158394160487
0.120969407831012
0.112546760218386
0.111847458618072
0.113934564603753
0.111549766435544
0.109381076112903
0.108115365053841
0.104284242835206
0.100029387455756
0.0972461840044261
0.0923564149048417
0.0873190521972802
0.0806059029097597
0.0750963142832077
0.0715586534642441
0.0717011067663904
0.0668790701839299
0.0637740011324652
0.0613862626743611
0.0576923785061254
0.0579824256366024
0.052735090034723
0.0541450201644338
0.0482682523403781
0.0425232910492852
0.0403030135462075
0.0411390192447882
0.0378881587346243
0.0332650951261826
0.034905893042108
0.0331642218073966
0.0330604819780973
0.0320143080385478
0.0322604452388759
-0.76261473745371
-0.762483727866282
-0.757874855087699
-0.754339969538968
-0.749681353455458
-0.746286665109515
-0.744325489085135
-0.739333458917045
-0.703881362355318
-0.503796354811442
-0.356735153126571
-0.212710790013205
-0.182240861822521
-0.198496316318412
-0.209847798891225
-0.212111523183481
-0.190989872496658
-0.159926649310407
-0.12509420405658
-0.0732640076821838
-0.040512701112938
0.0216291025251181
0.0680563449622866
0.118247410291502
0.147631976879566
0.175394082658279
0.198618904753246
0.203887809664629
0.208902403808253
0.191303028308738
0.181346235697681
0.173685019119752
0.162793285978417
0.15430369545907
0.157977911866098
0.154766516472826
0.142947813297319
0.130638445939901
0.116323719467751
0.111633020039818
0.0994222770179221
0.0937997158283181
0.0940151648471925
0.0934669631027489
0.0889252464861485
0.0830891869141368
0.0834642875791189
0.0856659555220105
0.0842299429254538
0.0818955730633775
0.0765382232075567
0.0720106719292275
0.0713300769459337
0.0612785112046907
0.0585838661532065
0.0599532704362886
0.0522695626807277
0.0475525613002361
0.0413384268945762
0.0394450974877287
0.0412867803112178
0.0427778800207221
0.0385281237695878
0.033925264933508
0.0352928870904066
0.0255665674335717
0.0261947587537534
0.0210552556482639
0.019619864243495
0.0192033423197557
0.0219285619311478
0.0209648084791354
0.0219152730293857
0.0228863095278555
0.0229008060677671
0.0232023760181832
0.0237895137560216
-0.675000021820452
-0.67177365527553
-0.667696629575126
-0.665446511687421
-0.658931262990613
-0.656484067439358
-0.639620535854213
-0.630212640692733
-0.640420370866451
-0.647997708855726
-0.610080871290336
-0.550706717144749
-0.309845177893529
-0.303406395312557
-0.270069679936555
-0.244683444525201
-0.211619614073683
-0.191517247322437
-0.151297987645414
-0.116060839784254
-0.0811640845854313
-0.0264464754098199
0.0454029848488702
0.0879061157565602
0.115333013751474
0.135838375878372
0.16962301672185
0.183737305974375
0.187999042494852
0.194762002297743
0.201173681630188
0.190840896528627
0.185079056200848
0.180789606614674
0.174605148364641
0.163122217901488
0.149263237451621
0.138204080335591
0.125627187288266
0.118362855681063
0.109398570902918
0.0978849089794878
0.0980674618340345
0.0968802289595629
0.0906827381197104
0.084512222281532
0.0799319633371525
0.0788829484506977
0.0766041063660836
0.0730702104353682
0.0703665170955503
0.0704290601631143
0.0638645124188315
0.0601108650549804
0.0548807667333264
0.0543873383364613
0.0506159182558577
0.0489904796796594
0.0511463987977976
0.0446804924544537
0.0398842079691022
0.0359991195140736
0.0357083692946887
0.0373014278122881
0.0323301724446665
0.0296588917111293
0.0244149408989998
0.025323862445525
0.0238944817535867
0.0223270273562264
0.0250059692650311
0.0222365836374152
0.0221206384806436
0.0220559053053933
0.0212226475192452
0.0213343222877924
-0.463924002595114
-0.464184636834688
-0.450236902518022
-0.439690252292721
-0.431914424784622
-0.431823292636288
-0.429248033694527
-0.426364165464811
-0.420467440860733
-0.414979467647811
-0.372010333254423
-0.17977519250875
-0.122372528943657
-0.185776053751333
-0.189030746843734
-0.173496909481699
-0.150440384426574
-0.122203502822394
-0.0858834902210361
-0.065047774568626
-0.0522648891648245
0.00196937214211346
0.0467047454815201
0.0901155349323233
0.13192851599625
0.161206853664218
0.191106351046038
0.192490299715665
0.20309141723304
0.201124669510293
0.200962809150496
0.191873248650225
0.216609536427946
0.200916369361089
0.192937914521323
0.186447545883397
0.170863029119843
0.158940907941961
0.160579785863725
0.141313633702261
0.121739559929559
0.116507968533227
0.109891295878697
0.103208881902539
0.0972046843039465
0.103118966066098
0.0961048780754297
0.0947179833034255
0.0913289489921354
0.0897182241630787
0.0822474086386009
0.0780233727444397
0.0726661130666173
0.0724029129931409
0.067351106603283
0.0676219839205388
0.0631751138790264
0.0604031021324118
0.0582804994075588
0.0541576952079978
0.0502299046152146
0.0483448671947926
0.0439037211373687
0.0452171781773458
0.0418296059885961
0.0369560518371088
0.0331185235857703
0.0324263211639675
0.0290150263556015
0.0284848865522633
0.0282955414743782
0.0263998743011911
0.0263044184848269
0.0252562632806743
0.0262536102321675
0.0255158592560392
0.0260344137252204
-0.603471249541762
-0.602218525115482
-0.596233377526836
-0.586069655495919
-0.596536326176277
-0.562034706107752
-0.589541938245887
-0.443573344668984
-0.373351191689899
-0.301911831688166
-0.244201646876448
-0.047548483195456
-0.138570558424256
-0.214373281306933
-0.243587917579951
-0.196845683529347
-0.18090119348151
-0.15010355503658
-0.132554216250433
-0.109633089530007
-0.0697014023815328
0.0162009309027624
0.0240465608608176
0.076197192726525
0.130766479982988
0.216158379795182
0.2411429028136
0.204421996786728
0.185724545407318
0.208095122448384
0.216469487297246
0.215492197433832
0.193475514431803
0.183995858413923
0.179124030168452
0.169290098092596
0.158451804842848
0.14466459435944
0.139168421739605
0.129844862264768
0.110599174704987
0.104393320540872
0.101401467696817
0.106454257568885
0.112977329115822
0.111741257343212
0.109835231350928
0.101273916678686
0.0969966858861824
0.092724117944492
0.087950948706073
0.0828147473817822
0.0739071261032791
0.0617681390727256
0.0667504109197026
0.0751120028696661
0.0674262013015152
0.0647060146786345
0.0618422346272425
0.0562850707184595
0.0512940098868526
0.0533132149467477
0.0511345668950156
0.0505257620338568
0.0456114670353429
0.0411969598000468
0.0358523710113872
0.0338451965928286
0.032368455555698
0.0268752317090701
0.0275955648888697
0.024717440238085
0.0246124311557452
0.0245585800195087
0.0248525704100402
0.0256923139269816
-0.0249861400121532
-0.0254490472569557
-0.027705770925472
-0.0261495437317052
-0.0287082169195116
-0.0284931095731125
-0.0287477301900125
-0.0310522736724081
-0.0291126775600645
-0.0348498480967194
-0.0385378077034062
-0.0406103486040195
-0.0414867790330078
-0.0418652480444877
-0.0463098618768498
-0.0498924392242088
-0.0415176976008524
-0.0286106683860368
0.0108620498698357
0.0159056738605088
-0.0151139547621497
-0.0168967211192808
-0.0131439182111563
-0.111376740962235
-0.143164732138501
-0.149619677885347
-0.149214386370829
-0.133986457886557
-0.0670271797126532
-0.0346054471060384
-0.0285686334150554
-0.00410890116402385
0.0257744077740298
0.0360316886730914
0.045961320641851
0.0367886258247339
0.0501898422213571
0.0647984746435597
0.116029910628455
0.0417214712139753
0.0440050295984307
0.0505282347738358
0.0383075004395508
0.032592515122694
0.0189126139139049
0.0145457425537856
0.0163371657077036
0.00136445479032687
0.019448237873938
0.0200284407838467
0.0234552129441781
0.0177363932841104
0.0131465372885131
0.0143937841114621
0.0155062237037598
0.00735335148971217
0.0126284678538227
0.00591010665328184
0.00968826406641909
0.00881817176758659
0.00822479021607592
0.0080038868158212
0.00741792954411125
0.0077449850045852
0.00575931359664139
0.00363067700599373
0.00143344987099425
0.00232081040721965
0.00049246611107634
0.000121895316723908
-0.000985985239459808
